  0  0
  0  1
  1  0
  1  1
  0  0.96
  0  0.92
  0  0.88
  0  0.84
  0  0.8
  0  0.76
  0  0.72
  0  0.68
  0  0.64
  0  0.6
  0  0.56
  0  0.52
  0  0.48
  0  0.44
  0  0.4
  0  0.36
  0  0.32
  0  0.28
  0  0.24
  0  0.2
  0  0.16
  0  0.12
  0  0.08
  0  0.04
  0.04  0
  0.08  0
  0.12  0
  0.16  0
  0.2  0
  0.24  0
  0.28  0
  0.32  0
  0.36  0
  0.4  0
  0.44  0
  0.48  0
  0.52  0
  0.56  0
  0.6  0
  0.64  0
  0.68  0
  0.72  0
  0.76  0
  0.8  0
  0.84  0
  0.88  0
  0.92  0
  0.96  0
  0.04  1
  0.08  1
  0.12  1
  0.16  1
  0.2  1
  0.24  1
  0.28  1
  0.32  1
  0.36  1
  0.4  1
  0.44  1
  0.48  1
  0.52  1
  0.56  1
  0.6  1
  0.64  1
  0.68  1
  0.72  1
  0.76  1
  0.8  1
  0.84  1
  0.88  1
  0.92  1
  0.96  1
  1  0.96
  1  0.92
  1  0.88
  1  0.84
  1  0.8
  1  0.76
  1  0.72
  1  0.68
  1  0.64
  1  0.6
  1  0.56
  1  0.52
  1  0.48
  1  0.44
  1  0.4
  1  0.36
  1  0.32
  1  0.28
  1  0.24
  1  0.2
  1  0.16
  1  0.12
  1  0.08
  1  0.04
  0.5  0.5
  0.295801  0.709214
  0.710122  0.704779
  0.294624  0.293403
  0.707222  0.292778
  0.5  0.78096
  0.222041  0.498458
  0.78096  0.5
  0.5031  0.215916
  0.175123  0.836815
  0.824877  0.836815
  0.175353  0.16325
  0.824877  0.163185
  0.432007  0.640672
  0.63939  0.567383
  0.359294  0.436643
  0.560438  0.362973
  0.151358  0.640697
  0.844341  0.638011
  0.359495  0.843038
  0.359364  0.151163
  0.640581  0.847131
  0.154147  0.360178
  0.639822  0.154147
  0.846785  0.358743
  0.317755  0.584824
  0.55609  0.671546
  0.666112  0.444486
  0.416371  0.324217
  0.110561  0.531633
  0.888178  0.535209
  0.464791  0.888178
  0.468367  0.110561
  0.107928  0.739231
  0.890331  0.73918
  0.260769  0.892072
  0.260769  0.107928
  0.740109  0.892639
  0.109121  0.260786
  0.740109  0.107361
  0.890879  0.260786
  0.396871  0.749591
  0.750728  0.608611
  0.259895  0.399353
  0.602357  0.256504
  0.103786  0.893287
  0.10243  0.0995544
  0.902677  0.885167
  0.89757  0.0995544
  0.402273  0.524484
  0.475516  0.402273
  0.61979  0.749393
  0.749717  0.382535
  0.560884  0.900726
  0.0992738  0.439116
  0.900726  0.439116
  0.560884  0.0992738
  0.202327  0.738223
  0.796925  0.738948
  0.200134  0.260868
  0.800415  0.259844
  0.275923  0.798745
  0.725855  0.799828
  0.274889  0.200679
  0.726191  0.199388
  0.509389  0.590555
  0.589096  0.487306
  0.241459  0.62724
  0.368186  0.243293
  0.303127  0.501738
  0.642938  0.651669
  0.502425  0.30199
  0.651669  0.357062
  0.0860034  0.815021
  0.913997  0.815021
  0.183489  0.92104
  0.183489  0.0789597
  0.816511  0.92104
  0.0926552  0.176764
  0.816511  0.0789597
  0.907345  0.176764
  0.354908  0.653561
  0.488747  0.699684
  0.699684  0.511253
  0.348332  0.352709
  0.0796841  0.611617
  0.920107  0.608995
  0.38943  0.916801
  0.391718  0.0781321
  0.66506  0.921584
  0.66506  0.0784156
  0.0811195  0.338055
  0.918881  0.338055
  0.562361  0.835198
  0.175245  0.435356
  0.835198  0.437639
  0.564644  0.175245
  0.193139  0.572949
  0.427051  0.193139
  0.823999  0.566574
  0.433577  0.822607
  0.536996  0.435229
  0.227179  0.330532
  0.778391  0.668161
  0.429196  0.456871
  0.0680008  0.67826
  0.935667  0.674999
  0.321773  0.931972
  0.323681  0.0655955
  0.579084  0.603923
  0.548492  0.735698
  0.736379  0.450637
  0.385166  0.589018
  0.409165  0.386496
  0.659556  0.219405
  0.338133  0.782641
  0.788922  0.331715
  0.257519  0.554735
  0.442519  0.261307
  0.610948  0.415891
  0.448647  0.570944
  0.550991  0.541411
  0.0629044  0.493439
  0.506561  0.937096
  0.937096  0.493439
  0.506561  0.0629044
  0.669591  0.789337
  0.207608  0.678047
  0.156877  0.497421
  0.502617  0.844197
  0.844188  0.497285
  0.505662  0.15779
  0.842529  0.701327
  0.152648  0.297126
  0.845153  0.297957
  0.64482  0.299013
  0.229729  0.842587
  0.770064  0.841216
  0.231889  0.15899
  0.770064  0.158784
  0.610334  0.936535
  0.0634645  0.389666
  0.610334  0.0634645
  0.936535  0.389666
  0.0578639  0.941138
  0.0578639  0.058862
  0.941138  0.942136
  0.942136  0.058862
  0.70463  0.649596
  0.260296  0.457065
  0.561881  0.300175
  0.303253  0.849483
  0.302081  0.149089
  0.697302  0.85558
  0.695058  0.146856
  0.155601  0.772619
  0.844372  0.769534
  0.154618  0.228841
  0.845409  0.228762
  0.148564  0.697675
  0.0576795  0.555582
  0.941029  0.55493
  0.445076  0.940924
  0.444418  0.0576795
  0.0572142  0.766505
  0.942786  0.766505
  0.233495  0.942786
  0.233495  0.0572142
  0.766505  0.942786
  0.0572142  0.233495
  0.766505  0.0572142
  0.942786  0.233495
  0.44955  0.752604
  0.753333  0.55076
  0.282694  0.351778
  0.489099  0.644761
  0.648031  0.509442
  0.137209  0.585171
  0.414829  0.137209
  0.300559  0.650304
  0.349287  0.710564
  0.359056  0.300876
  0.431081  0.697649
  0.697607  0.569192
  0.308185  0.407028
  0.327257  0.19694
  0.0549776  0.868722
  0.129135  0.944814
  0.936936  0.876172
  0.129135  0.055186
  0.867114  0.946822
  0.0558632  0.128399
  0.870865  0.055186
  0.944137  0.128399
  0.353168  0.53912
  0.467044  0.347106
  0.652535  0.707652
  0.694107  0.392601
  0.547562  0.246024
  0.202285  0.387218
  0.870065  0.588649
  0.410305  0.868568
  0.258266  0.749079
  0.74558  0.747738
  0.254645  0.252556
  0.745571  0.252405
  0.795561  0.612768
  0.712767  0.946614
  0.712767  0.0533865
  0.0533865  0.287233
  0.946614  0.287233
  0.124329  0.853421
  0.875951  0.853068
  0.123961  0.1491
  0.876039  0.1491
  0.214095  0.789672
  0.787251  0.79095
  0.21283  0.209265
  0.787251  0.20905
  0.608969  0.204054
  0.611476  0.803113
  0.802089  0.388113
  0.367965  0.484931
  0.52008  0.366958
  0.598407  0.700976
  0.71254  0.344382
  0.602412  0.894925
  0.104882  0.397304
  0.895118  0.397304
  0.602412  0.105075
  0.499227  0.444055
  0.439353  0.500153
  0.610416  0.326589
  0.388057  0.791015
  0.313423  0.251477
  0.591043  0.529111
  0.556459  0.957606
  0.556459  0.0423941
  0.0423941  0.443541
  0.957606  0.443541
  0.248979  0.675033
  0.664243  0.6116
  0.319243  0.437742
  0.197774  0.864483
  0.802205  0.864343
  0.198017  0.135685
  0.802205  0.135657
  0.553215  0.478379
  0.112573  0.486653
  0.512954  0.887406
  0.887405  0.487035
  0.514588  0.110428
  0.489675  0.546835
  0.888161  0.671923
  0.565304  0.772213
  0.772681  0.434677
  0.105365  0.650268
  0.35025  0.894877
  0.347848  0.107899
  0.205865  0.615249
  0.382289  0.208155
  0.690835  0.757911
  0.049443  0.722756
  0.951461  0.717174
  0.277306  0.950559
  0.277501  0.049193
  0.207707  0.427897
  0.158404  0.541315
  0.458685  0.158404
  0.622708  0.455944
  0.303166  0.752713
  0.685337  0.243698
  0.274597  0.595861
  0.605114  0.641955
  0.539716  0.620048
  0.0482007  0.638337
  0.947688  0.633484
  0.361728  0.951584
  0.361723  0.0474621
  0.752866  0.296792
  0.409974  0.271733
  0.125572  0.806861
  0.874428  0.806861
  0.127294  0.194776
  0.872767  0.194755
  0.141623  0.891207
  0.864961  0.890729
  0.135428  0.111299
  0.864572  0.111299
  0.751827  0.704126
  0.248237  0.295818
  0.392944  0.664043
  0.122064  0.321541
  0.869989  0.324503
  0.294183  0.532782
  0.261917  0.511813
  0.465397  0.302576
  0.488513  0.260902
  0.651191  0.395866
  0.0292778  0.820542
  0.970722  0.820542
  0.172453  0.959081
  0.172453  0.0409186
  0.827078  0.959332
  0.827547  0.0409186
  0.0292778  0.179458
  0.970722  0.179458
  0.629062  0.604255
  0.465917  0.610505
  0.23213  0.58603
  0.505623  0.73608
  0.526165  0.696985
  0.736178  0.494253
  0.696441  0.472928
  0.347867  0.612592
  0.366234  0.389763
  0.388892  0.348488
  0.408965  0.238447
  0.774577  0.576303
  0.666194  0.879136
  0.6662  0.117278
  0.846087  0.536264
  0.463736  0.846087
  0.549626  0.867074
  0.135575  0.450688
  0.543981  0.139556
  0.867074  0.450372
  0.0368205  0.34
  0.66  0.963179
  0.963179  0.34
  0.66  0.0368205
  0.330865  0.321398
  0.0443218  0.595987
  0.958588  0.595834
  0.402942  0.958484
  0.404498  0.0439946
  0.218172  0.904885
  0.218194  0.0951304
  0.781741  0.906255
  0.781741  0.0937452
  0.607146  0.843291
  0.150115  0.396988
  0.843566  0.39263
  0.605009  0.150492
  0.535931  0.325491
  0.680635  0.321711
  0.302152  0.889493
  0.301967  0.111533
  0.743692  0.645592
  0.0968009  0.966439
  0.0968009  0.0335607
  0.0347757  0.90181
  0.965314  0.903957
  0.901646  0.965408
  0.903199  0.0335607
  0.034866  0.097896
  0.965134  0.097896
  0.580843  0.447814
  0.108854  0.697511
  0.398551  0.424406
  0.222277  0.540618
  0.458913  0.221484
  0.671036  0.178743
  0.608769  0.364314
  0.091689  0.77692
  0.908809  0.775525
  0.0922877  0.223571
  0.907721  0.223568
  0.539545  0.211283
  0.462321  0.783247
  0.885505  0.630492
  0.195655  0.298972
  0.644388  0.257566
  0.313493  0.811935
  0.783716  0.537613
  0.818761  0.669797
  0.460025  0.671932
  0.670952  0.540237
  0.0985163  0.571818
  0.429191  0.0980595
  0.701809  0.902452
  0.703328  0.0962746
  0.430053  0.90537
  0.652751  0.746173
  0.572949  0.40237
  0.0891099  0.296011
  0.909755  0.296434
  0.437532  0.414113
  0.531859  0.807477
  0.190968  0.472531
  0.807513  0.468078
  0.322673  0.681143
  0.906172  0.569296
  0.228113  0.717619
  0.162989  0.739223
  0.421026  0.600367
  0.393029  0.706334
  0.425289  0.772122
  0.508618  0.406698
  0.252369  0.365059
  0.678597  0.679549
  0.388987  0.626709
  0.703797  0.609605
  0.282119  0.425907
  0.834522  0.604746
  0.390252  0.833678
  0.747668  0.343907
  0.545827  0.579435
  0.032637  0.522209
  0.967202  0.522127
  0.477874  0.967188
  0.477791  0.032637
  0.355518  0.745397
  0.412318  0.561772
  0.185777  0.338511
  0.474891  0.475681
  0.797351  0.704183
  0.57452  0.219722
  0.702749  0.429391
  0.352709  0.570887
  0.4494  0.379319
  0.401546  0.489153
  0.591164  0.293323
  0.264855  0.854862
  0.266095  0.141408
  0.732283  0.836062
  0.732283  0.163938
  0.858335  0.735622
  0.167198  0.26331
  0.831527  0.263034
  0.801487  0.292823
  0.698838  0.817055
  0.530743  0.279711
  0.825234  0.329302
  0.910518  0.709031
  0.530255  0.766486
  0.766742  0.469529
  0.190618  0.520549
  0.482545  0.18654
  0.30979  0.61842
  0.526455  0.652188
  0.658464  0.477633
  0.739431  0.964827
  0.739431  0.0351729
  0.0351729  0.260569
  0.964827  0.260569
  0.606565  0.569624
  0.0280754  0.692031
  0.970474  0.689121
  0.307988  0.97192
  0.308409  0.0275444
  0.249678  0.779433
  0.754493  0.781165
  0.245741  0.219047
  0.754365  0.218836
  0.916267  0.644248
  0.727731  0.676458
  0.115416  0.6134
  0.3866  0.115416
  0.0875475  0.853945
  0.907236  0.845873
  0.0906063  0.133674
  0.909394  0.133674
  0.279373  0.232908
  0.564678  0.701903
  0.588646  0.736119
  0.0774341  0.525952
  0.922205  0.526226
  0.473745  0.922165
  0.474048  0.0774341
  0.678907  0.278993
  0.444655  0.53723
  0.587394  0.966094
  0.587394  0.0339064
  0.0339064  0.412606
  0.966094  0.412606
  0.482352  0.814096
  0.23029  0.461332
  0.340232  0.273359
  0.814411  0.517635
  0.355149  0.814699
  0.329841  0.474719
  0.165482  0.606845
  0.393155  0.165482
  0.160375  0.861698
  0.839625  0.861698
  0.15867  0.139246
  0.841384  0.139235
  0.735522  0.409233
  0.187048  0.70816
  0.530737  0.513415
  0.429632  0.351974
  0.267157  0.32642
  0.169345  0.673159
  0.694075  0.209936
  0.62176  0.969527
  0.62176  0.030473
  0.030473  0.37824
  0.969527  0.37824
  0.636339  0.908677
  0.63634  0.0907256
  0.0855393  0.369642
  0.914461  0.369642
  0.0332746  0.966725
  0.0332746  0.0332746
  0.966725  0.966725
  0.966725  0.0332746
  0.499645  0.337763
  0.282803  0.91683
  0.282651  0.0823371
  0.0346656  0.475206
  0.965321  0.475199
  0.524801  0.96532
  0.524794  0.0346656
  0.329228  0.166242
  0.634917  0.188042
  0.0828627  0.717201
  0.332592  0.865181
  0.329381  0.136509
  0.39131  0.458401
  0.136147  0.670515
  0.216819  0.968583
  0.216819  0.0314165
  0.0294764  0.782013
  0.970524  0.782013
  0.785267  0.968572
  0.784481  0.0316221
  0.0302828  0.219426
  0.969717  0.219426
  0.62891  0.682009
  0.684922  0.360462
  0.521465  0.556921
  0.78026  0.365745
  0.739346  0.925615
  0.739475  0.0742764
  0.0747112  0.261746
  0.925289  0.261746
  0.925137  0.738536
  0.233851  0.872893
  0.760685  0.869156
  0.233851  0.127107
  0.760685  0.130844
  0.4633  0.720541
  0.720513  0.536803
  0.320256  0.366998
  0.563676  0.510452
  0.379931  0.549829
  0.426078  0.730876
  0.732326  0.574916
  0.285754  0.382739
  0.576486  0.868243
  0.133018  0.423891
  0.575386  0.133928
  0.868336  0.423412
  0.570966  0.268164
  0.632659  0.779164
  0.638549  0.81655
  0.37374  0.871194
  0.467746  0.435348
  0.0281146  0.749629
  0.969666  0.748063
  0.250213  0.971609
  0.250241  0.028356
  0.32274  0.72231
  0.215706  0.647399
  0.536224  0.923834
  0.070283  0.460064
  0.536224  0.0761656
  0.923834  0.463776
  0.479549  0.577705
  0.188383  0.766691
  0.81048  0.765198
  0.171776  0.196578
  0.811747  0.233116
  0.574315  0.563754
  0.681562  0.722536
  0.203969  0.823361
  0.796934  0.823164
  0.204155  0.176222
  0.796934  0.176836
  0.0964331  0.926593
  0.0935145  0.0716041
  0.928785  0.909333
  0.906485  0.0716041
  0.52779  0.178287
  0.576304  0.328865
  0.301637  0.182504
  0.577063  0.930072
  0.0695759  0.422898
  0.930113  0.422429
  0.577063  0.0699283
  0.124754  0.287278
  0.87533  0.28785
  0.0305033  0.300537
  0.969497  0.300537
  0.699463  0.969497
  0.699463  0.0305033
  0.172162  0.80379
  0.827993  0.80329
  0.187477  0.232833
  0.828085  0.196456
  0.539732  0.389781
  0.639737  0.329292
  0.622967  0.496062
  0.676883  0.640114
  0.286431  0.470469
  0.517842  0.245119
  0.622681  0.232425
  0.245599  0.816821
  0.244893  0.187727
  0.758981  0.812292
  0.759006  0.187615
  0.130359  0.509772
  0.866465  0.513948
  0.486025  0.866467
  0.490228  0.130359
  0.726081  0.317206
  0.0705894  0.896608
  0.893574  0.92307
  0.0713836  0.100068
  0.928616  0.100068
  0.825201  0.730859
  0.124985  0.765604
  0.875255  0.765344
  0.124067  0.233731
  0.875952  0.233711
  0.364803  0.683374
  0.0255942  0.859567
  0.968733  0.859937
  0.0262643  0.140413
  0.973736  0.140413
  0.138425  0.975253
  0.86  0.975933
  0.138425  0.0247471
  0.861575  0.0247471
  0.0251828  0.937935
  0.0252009  0.0620065
  0.974635  0.938564
  0.974799  0.0620065
  0.937902  0.974854
  0.938412  0.0251395
  0.0615879  0.974861
  0.0615879  0.0251395
  0.121556  0.359048
  0.880215  0.362554
  0.276005  0.637343
  0.669838  0.837268
  0.814681  0.360083
  0.0756661  0.646505
  0.355795  0.923809
  0.360026  0.077147
  0.441387  0.867706
  0.853799  0.670526
  0.639798  0.428133
  0.469715  0.51198
  0.703325  0.179761
  0.372722  0.515927
  0.486717  0.373353
  0.70075  0.786092
  0.301411  0.78353
  0.629825  0.53531
  0.282824  0.678065
  0.42929  0.295789
  0.623587  0.719955
  0.720746  0.372187
  0.378891  0.976424
  0.0237108  0.621057
  0.380927  0.0239288
  0.976289  0.621485
  0.775086  0.636437
  0.05967  0.79807
  0.939968  0.796968
  0.204886  0.939275
  0.20489  0.0607279
  0.79542  0.939597
  0.0602816  0.200124
  0.795357  0.060492
  0.939719  0.200124
  0.289586  0.566237
  0.155308  0.329229
  0.773739  0.268358
  0.507984  0.622361
  0.216583  0.363773
  0.133747  0.725662
  0.771171  0.730898
  0.227844  0.269424
  0.477899  0.755136
  0.755317  0.522132
  0.587585  0.672082
  0.248381  0.428298
  0.567255  0.639098
  0.280827  0.828099
  0.725534  0.868373
  0.72546  0.131745
  0.811557  0.638954
  0.266008  0.717444
  0.152505  0.921396
  0.152248  0.0791014
  0.848698  0.921892
  0.847752  0.0791014
  0.341211  0.223909
  0.721304  0.23122
  0.338318  0.408127
  0.515844  0.47446
  0.0294726  0.566053
  0.968519  0.567667
  0.432207  0.968449
  0.433947  0.0294726
  0.282696  0.26427
  0.873946  0.704602
  0.225591  0.756403
  0.867668  0.557097
  0.364619  0.327778
  0.667809  0.579994
  0.332796  0.836867
  0.0229334  0.659139
  0.973224  0.657265
  0.340861  0.977067
  0.340861  0.0229334
  0.600179  0.773822
  0.773797  0.399828
  0.778394  0.760443
  0.22096  0.239424
  0.779742  0.23776
  0.132751  0.556281
  0.159151  0.571957
  0.443719  0.132751
  0.428043  0.159151
  0.251132  0.481104
  0.498098  0.67311
  0.673407  0.503623
  0.298171  0.324551
  0.32716  0.643204
  0.632375  0.874793
  0.636976  0.124802
  0.638699  0.939901
  0.638699  0.0599798
  0.0594834  0.36312
  0.940517  0.36312
  0.335318  0.514614
  0.181285  0.405043
  0.722903  0.76845
  0.391707  0.30593
  0.254509  0.921426
  0.254522  0.0783605
  0.618629  0.286599
  0.0778274  0.744523
  0.666928  0.148504
  0.0581478  0.836827
  0.939473  0.838118
  0.0605712  0.16105
  0.939429  0.16105
  0.859267  0.615293
  0.379687  0.272273
  0.277689  0.7727
  0.227669  0.401408
  0.0704037  0.583036
  0.418751  0.0712869
  0.124696  0.915459
  0.122531  0.082881
  0.877469  0.082881
  0.594459  0.181646
  0.148906  0.831943
  0.851156  0.831821
  0.148834  0.168847
  0.851196  0.168816
  0.324481  0.551887
  0.441547  0.324332
  0.717572  0.734256
  0.186506  0.646273
  0.355417  0.185315
  0.41733  0.932125
  0.137015  0.260682
  0.862392  0.261029
  0.182031  0.37088
  0.306298  0.214736
  0.425408  0.668238
  0.162598  0.465955
  0.841365  0.46673
  0.533257  0.841363
  0.461762  0.641967
  0.718393  0.266334
  0.579721  0.805853
  0.805807  0.420161
  0.172775  0.89108
  0.172775  0.10892
  0.827225  0.89108
  0.827225  0.10892
  0.68458  0.94236
  0.68458  0.0576397
  0.0576397  0.31542
  0.94236  0.31542
  0.932726  0.582407
  0.273155  0.172316
  0.673908  0.414747
