  170  374  304  551
  171  552  305  375
  143  380  306  553
  307  381  145  554
  64  503  602  65
  40  41  603  504
  16  17  600  501
  88  502  601  89
  122  433  313  643
  288  389  168  597
  179  403  770  629
  180  405  771  630
  360  529  453  194
  325  456  117  672
  147  491  323  645
  305  144  704  379
  785  631  181  408
  644  294  475  184
  150  319  237  674
  152  321  240  676
  378  142  551  304
  282  144  305  552
  203  356  625  526
  165  410  373  833
  231  386  125  525
  411  196  497  299
  214  453  107  388
  215  454  109  390
  411  299  753  139
  314  732  125  435
  327  783  165  569
  139  441  245  495
  414  196  467  570
  328  689  271  744
  825  232  688  325
  16  501  787  15
  88  87  788  502
  64  63  789  503
  40  504  790  39
  290  391  169  619
  857  481  527  347
  858  483  528  348
  786  323  491  198
  450  477  456  216
  415  197  462  567
  334  400  115  796
  450  340  786  198
  215  390  168  389
  164  352  194  402
  275  489  138  505
  812  424  181  631
  194  453  214  402
  454  410  353  195
  437  117  687  316
  572  116  609  315
  333  730  274  745
  675  238  591  320
  677  239  590  322
  101  739  324  507
  400  167  618  366
  539  798  368  202
  541  204  370  800
  384  851  277  489
  839  374  250  684
  168  524  246  437
  572  335  785  116
  486  224  651  333
  730  333  651  164
  522  213  499  372
  110  663  233  336
  111  337  234  664
  235  665  112  338
  236  339  113  666
  416  190  433  637
  419  192  435  640
  506  763  230  464
  505  138  490  326
  410  165  783  353
  557  341  698  129
  558  130  699  343
  559  131  700  342
  560  344  701  132
  109  530  228  671
  513  201  507  324
  210  408  181  409
  180  406  208  405
  385  728  591  188
  386  189  592  729
  513  324  562  146
  105  702  318  438
  167  493  289  618
  216  456  169  391
  454  215  373  410
  490  197  498  326
  325  688  169  456
  293  196  414  794
  413  474  777  249
  412  731  776  473
  294  197  415  736
  118  549  272  573
  121  550  273  574
  186  589  814  412
  187  413  815  590
  781  284  718  396
  101  507  323  786
  22  536  302  680
  46  535  301  683
  127  532  367  774
  114  494  209  488
  689  328  632  163
  505  326  571  212
  776  517  234  136
  777  628  236  518
  191  638  292  359
  329  66  65  602
  330  603  41  42
  331  600  17  18
  332  90  89  601
  569  104  791  327
  376  577  112  659
  353  783  280  846
  105  438  232  561
  785  335  496  279
  156  464  230  520
  141  509  312  693
  166  388  809  691
  548  200  508  382
  356  540  84  83
  358  35  36  542
  400  334  690  167
  765  401  656  162
  719  782  176  397
  717  780  172  394
  283  395  173  838
  257  475  131  559
  173  430  338  860
  174  431  337  861
  176  862  339  432
  130  558  256  485
  141  641  291  509
  632  328  661  218
  523  731  643  223
  852  225  698  341
  854  342  700  226
  853  343  699  227
  418  228  701  344
  580  345  739  101
  379  704  284  781
  144  282  445  669
  139  635  268  411
  791  104  582  383
  557  219  653  341
  559  342  652  220
  558  343  655  221
  417  341  653  151
  416  150  652  342
  419  152  655  343
  560  222  654  344
  418  344  654  153
  313  433  190  857
  314  435  192  858
  79  445  282  714
  547  203  526  346
  451  202  733  349
  439  350  734  204
  530  195  808  361
  450  163  632  340
  245  548  103  493
  377  686  113  841
  556  347  527  207
  442  667  780  717
  443  283  838  668
  447  670  782  719
  539  355  646  11
  541  59  648  357
  408  210  480  452
  766  492  140  835
  621  300  863  473
  622  474  864  301
  562  345  656  217
  306  175  830  553
  307  554  831  177
  383  464  156  769
  549  349  733  182
  644  184  734  350
  53  2  5  593
  29  594  28  1
  76  595  77  4
  52  3  100  596
  136  431  263  621
  628  622  265  432
  183  463  832  293
  388  166  820  387
  698  225  529  360
  701  228  530  361
  549  118  610  349
  372  764  157  522
  550  121  608  351
  606  355  539  202
  799  540  356  203
  598  204  541  357
  599  358  542  205
  728  123  849  434
  476  354  742  223
  334  796  278  495
  268  467  196  411
  533  362  738  868
  128  409  795  822
  211  693  312  605
  826  259  646  355
  823  357  648  261
  824  262  649  358
  748  578  510  290
  197  294  644  498
  605  436  815  124
  183  426  752  369
  753  778  468  200
  737  463  547  346
  450  362  689  163
  360  806  129  698
  361  807  132  701
  779  363  834  295
  505  212  743  363
  450  216  738  362
  464  383  582  199
  487  250  374  708
  685  251  709  375
  659  252  710  376
  686  377  711  253
  402  214  762  365
  685  375  305  840
  175  306  577  376
  177  377  841  307
  162  656  345  620
  799  203  547  369
  465  211  584  364
  801  371  735  205
  779  102  650  363
  400  366  774  206
  205  735  550  351
  500  206  774  367
  402  365  730  164
  277  634  138  489
  511  209  494  407
  557  471  836  255
  560  472  837  258
  208  578  802  348
  209  633  217  488
  531  365  762  126
  404  207  527  403
  348  528  405  208
  387  820  287  842
  182  733  202  368
  184  370  204  734
  550  735  371  185
  278  470  180  630
  345  580  218  620
  856  298  764  372
  233  694  775  515
  439  607  644  350
  498  644  607  120
  147  597  316  491
  9  392  713  8
  57  56  717  394
  33  395  283  32
  72  396  718  73
  48  49  719  397
  24  25  715  398
  96  399  716  97
  436  605  312  639
  142  703  281  551
  856  372  702  105
  425  14  15  787
  426  788  87  86
  427  789  63  62
  428  38  39  790
  197  490  267  462
  844  103  548  382
  567  106  527  481
  138  634  267  490
  452  480  645  201
  624  303  865  479
  118  573  352  845
  212  571  797  466
  157  521  231  522
  102  484  275  650
  528  483  570  108
  168  390  692  524
  356  647  260  625
  45  423  586  44
  21  420  587  20
  482  107  453  529
  195  530  109  454
  494  114  851  384
  117  437  246  672
  334  495  245  690
  335  691  773  496
  450  198  687  477
  363  650  275  505
  166  691  335  572
  103  662  289  493
  149  748  318  499
  511  407  531  126
  510  406  533  868
  621  473  776  136
  622  628  777  474
  351  440  599  205
  206  538  115  400
  349  610  254  451
  228  418  193  671
  331  18  19  565
  332  566  91  90
  329  563  67  66
  330  42  43  564
  351  608  248  440
  494  384  712  178
  412  473  863  186
  413  187  864  474
  200  548  245  441
  347  556  148  642
  139  495  278  635
  279  496  140  636
  512  581  843  288
  193  509  291  461
  844  382  768  296
  229  508  200  468
  193  639  312  509
  120  571  326  498
  791  383  769  297
  614  534  621  263
  682  300  621  534
  301  535  265  622
  616  264  623  536
  478  302  536  623
  681  303  624  537
  617  537  624  266
  127  772  207  404
  289  476  148  747
  859  336  626  429
  235  338  430  627
  234  337  431  136
  236  628  432  339
  219  600  331  653
  221  655  332  601
  220  652  329  602
  222  603  330  654
  859  429  756  172
  333  745  102  779
  308  694  233  663
  310  665  235  695
  269  636  140  492
  373  215  389  746
  464  199  766  506
  311  697  236  666
  403  179  810  404
  678  230  763  385
  188  478  678  385
  231  679  479  386
  146  741  315  513
  435  125  386  729
  170  457  708  374
  171  375  709  458
  175  376  710  459
  177  460  711  377
  516  867  695  235
  356  83  82  647
  358  649  34  35
  178  712  275  484
  494  178  813  407
  174  758  263  431
  176  432  265  760
  537  94  93  681
  534  70  69  682
  364  561  232  465
  246  524  291  641
  388  387  762  214
  126  762  387  842
  461  692  390  109
  352  573  272  194
  59  58  611  648
  33  34  649  262
  11  646  612  10
  81  613  647  82
  488  217  656  401
  625  260  755  458
  623  264  759  459
  624  460  761  266
  616  536  22  23
  617  95  94  537
  614  71  70  534
  615  535  46  47
  210  409  128  581
  162  367  532  765
  250  487  154  657
  327  850  280  783
  10  612  392  9
  80  393  613  81
  58  57  394  611
  71  614  396  72
  47  48  397  615
  23  24  398  616
  95  617  399  96
  201  609  116  452
  105  561  364  856
  251  658  155  707
  104  569  276  424
  195  353  846  574
  787  501  557  255
  788  256  558  502
  600  219  557  501
  601  502  558  221
  789  257  559  503
  602  503  559  220
  790  504  560  258
  603  222  560  504
  345  562  324  739
  302  478  188  818
  386  479  865  189
  630  771  467  268
  130  485  293  794
  369  547  463  183
  538  744  470  115
  154  486  295  793
  825  325  672  514
  167  690  245  493
  169  688  232  438
  737  346  526  792
  294  736  131  475
  169  438  318  619
  488  401  855  114
  765  270  855  401
  456  477  687  117
  430  173  395  757
  781  396  758  174
  133  451  254  767
  486  579  583  224
  101  786  340  580
  316  597  168  437
  102  745  274  484
  223  642  148  476
  629  770  462  267
  567  462  770  106
  814  319  637  433
  151  320  434  638
  153  322  436  639
  729  321  640  435
  382  508  155  768
  570  227  699  414
  567  226  700  415
  771  108  570  467
  231  525  213  522
  123  728  385  763
  359  568  107  482
  527  106  770  403
  528  108  771  405
  424  795  409  181
  452  116  785  408
  204  598  134  439
  516  135  599  440
  319  150  416  637
  191  417  151  638
  193  418  153  639
  321  152  419  640
  278  796  115  470
  520  230  678  137
  521  848  679  231
  748  149  802  578
  202  451  133  606
  433  122  412  814
  211  605  124  455
  320  151  653  675
  150  674  329  652
  152  676  332  655
  322  153  654  677
  626  134  823  429
  756  429  823  261
  757  262  824  430
  627  430  824  135
  557  129  806  471
  549  471  806  272
  560  132  807  472
  550  472  807  273
  22  680  420  21
  92  422  681  93
  68  421  682  69
  46  683  423  45
  362  533  271  689
  700  131  736  415
  497  778  753  299
  342  854  190  416
  341  417  191  852
  343  853  192  419
  486  154  487  579
  393  714  282  829
  392  828  281  713
  699  130  794  414
  146  562  217  633
  715  830  759  398
  716  399  761  831
  308  657  154  793
  487  708  133  767
  744  271  811  470
  317  747  148  556
  629  469  810  179
  406  180  470  811
  457  170  828  754
  458  755  829  171
  459  759  830  175
  460  177  831  761
  819  189  865  422
  816  186  863  421
  817  423  864  187
  372  499  318  702
  315  741  287  820
  55  54  726  442
  31  443  727  30
  667  442  726  241
  668  242  727  443
  703  241  720  444
  669  445  722  243
  7  444  720  6
  79  78  722  445
  704  243  724  446
  74  446  724  75
  705  448  721  242
  50  51  725  447
  670  447  725  244
  26  27  721  448
  706  244  723  449
  98  449  723  99
  147  512  288  597
  512  147  645  480
  427  847  257  789
  127  404  810  532
  365  531  274  730
  368  425  836  182
  371  428  837  185
  178  484  274  813
  480  210  581  512
  713  281  703  444
  718  284  704  446
  715  448  705  285
  716  286  706  449
  366  618  317  772
  694  308  793  543
  836  425  787  255
  837  428  790  258
  209  511  287  633
  370  184  847  427
  582  104  424  812
  237  319  814  589
  436  322  590  815
  109  671  193  461
  157  660  253  521
  367  162  620  500
  139  753  200  441
  754  259  826  457
  406  510  578  208
  229  707  155  508
  775  466  797  247
  715  285  553  830
  716  831  554  286
  92  588  819  422
  68  585  816  421
  672  246  641  514
  826  133  708  457
  625  458  709  519
  623  459  710  137
  624  848  711  460
  207  772  317  556
  354  476  289  662
  211  455  740  584
  211  465  141  693
  183  866  788  426
  629  277  851  469
  792  229  468  737
  165  833  276  569
  329  674  237  563
  654  330  564  677
  653  331  565  675
  332  676  240  566
  336  233  515  626
  439  134  626  515
  135  516  235  627
  434  320  591  728
  240  321  729  592
  740  455  827  249
  623  137  678  478
  624  479  679  848
  212  466  158  743
  156  520  252  804
  461  291  524  692
  149  732  314  802
  424  276  822  795
  149  499  213  732
  737  119  832  463
  810  469  855  270
  444  7  8  713
  393  80  79  714
  448  715  25  26
  449  98  97  716
  442  717  56  55
  446  74  73  718
  443  31  32  283
  447  719  49  50
  851  114  855  469
  737  468  778  119
  141  465  232  825
  425  750  13  14
  426  86  85  752
  427  62  61  749
  428  751  37  38
  201  513  315  609
  455  124  815  827
  249  827  815  413
  857  190  854  481
  359  482  852  191
  858  192  853  483
  354  662  103  844
  288  843  746  389
  374  839  575  304
  549  182  836  471
  550  185  837  472
  216  391  868  738
  677  564  586  239
  68  67  563  585
  44  586  564  43
  675  565  587  238
  20  587  565  19
  92  91  566  588
  750  798  12  13
  749  61  60  800
  751  801  36  37
  425  368  798  750
  85  799  369  752
  427  749  800  370
  428  371  801  751
  500  661  538  206
  440  248  867  516
  707  519  709  251
  257  847  184  475
  143  553  285  705
  145  706  286  554
  744  538  661  328
  198  491  316  687
  384  489  275  712
  434  849  292  638
  241  703  142  667
  242  668  143  705
  243  704  144  669
  244  706  145  670
  850  327  791  555
  201  645  323  507
  620  218  661  500
  696  309  685  664
  127  774  366  772
  579  487  767  254
  223  643  313  642
  333  779  295  486
  529  225  852  482
  567  481  854  226
  570  483  853  227
  805  298  784  546
  359  292  766  835
  293  485  866  183
  582  492  766  199
  788  866  485  256
  308  663  110  684
  840  111  664  685
  311  666  113  686
  579  254  610  583
  317  618  289  747
  290  619  318  748
  310  659  112  665
  466  775  694  158
  126  842  287  511
  195  574  273  808
  625  519  792  526
  523  159  696  517
  664  234  517  696
  161  518  236  697
  54  53  593  726
  30  727  594  29
  6  720  593  5
  27  28  594  721
  75  724  595  76
  51  52  596  725
  78  77  595  722
  99  723  596  100
  412  122  643  731
  778  497  832  119
  196  293  832  497
  121  604  248  608
  520  137  710  252
  521  253  711  848
  746  843  581  128
  213  525  125  732
  684  110  575  839
  305  576  111  840
  378  780  667  142
  380  143  668  838
  381  782  670  145
  803  544  821  296
  506  766  292  849
  391  290  510  868
  223  742  159  523
  340  632  218  580
  518  161  584  740
  439  515  775  247
  523  517  776  731
  740  249  777  518
  641  141  825  514
  492  582  812  269
  763  506  849  123
  821  544  696  159
  784  161  697  546
  834  158  694  543
  310  695  160  545
  277  629  267  634
  278  630  268  635
  785  279  636  631
  812  631  636  269
  707  229  792  519
  172  780  378  859
  173  860  380  838
  379  781  174  861
  176  782  381  862
  388  107  568  809
  373  746  128  822
  287  741  146  633
  364  584  161  784
  407  813  274  531
  765  532  810  270
  406  811  271  533
  11  12  798  539
  85  84  540  799
  59  541  800  60
  205  542  36  801
  439  247  797  607
  867  248  604  673
  298  805  157  764
  296  768  155  803
  297  769  156  804
  834  543  793  295
  610  118  845  583
  170  551  281  828
  282  552  171  829
  568  359  835  773
  496  773  835  140
  696  544  803  309
  297  804  310  545
  697  311  805  546
  545  555  791  297
  276  833  373  822
  354  844  296  821
  720  241  726  593
  722  595  724  243
  721  594  727  242
  723  244  725  596
  420  818  238  587
  566  240  819  588
  563  237  816  585
  423  817  239  586
  364  784  298  856
  583  845  651  224
  110  336  859  575
  304  575  859  378
  111  576  861  337
  305  379  861  576
  112  577  860  338
  306  380  860  577
  113  339  862  841
  307  841  862  381
  308  684  250  657
  309  658  251  685
  310  804  252  659
  311  686  253  660
  691  809  568  773
  545  160  850  555
  172  756  611  394
  33  262  757  395
  828  392  612  754
  829  755  613  393
  176  760  615  397
  315  820  166  572
  646  259  754  612
  647  613  755  260
  648  611  756  261
  396  614  263  758
  535  615  760  265
  398  759  264  616
  399  617  266  761
  155  658  309  803
  157  805  311  660
  574  846  604  121
  571  120  607  797
  194  272  806  360
  273  807  361  808
  186  816  237  589
  187  590  239  817
  188  591  238  818
  189  819  240  592
  357  823  134  598
  358  599  135  824
  355  606  133  826
  347  642  313  857
  348  802  314  858
  673  604  846  280
  164  651  845  352
  280  850  160  673
  354  821  159  742
  420  680  302  818
  421  863  300  682
  422  865  303  681
  423  683  301  864
  695  867  673  160
  363  743  158  834
