  0  0
  0  1
  1  0
  1  1
  0  0.923077
  0  0.846154
  0  0.769231
  0  0.692308
  0  0.615385
  0  0.538462
  0  0.461538
  0  0.384615
  0  0.307692
  0  0.230769
  0  0.153846
  0  0.0769231
  0.0769231  0
  0.153846  0
  0.230769  0
  0.307692  0
  0.384615  0
  0.461538  0
  0.538462  0
  0.615385  0
  0.692308  0
  0.769231  0
  0.846154  0
  0.923077  0
  0.0769231  1
  0.153846  1
  0.230769  1
  0.307692  1
  0.384615  1
  0.461538  1
  0.538462  1
  0.615385  1
  0.692308  1
  0.769231  1
  0.846154  1
  0.923077  1
  1  0.923077
  1  0.846154
  1  0.769231
  1  0.692308
  1  0.615385
  1  0.538462
  1  0.461538
  1  0.384615
  1  0.307692
  1  0.230769
  1  0.153846
  1  0.0769231
  0.494494  0.500659
  0.28977  0.705295
  0.707265  0.707265
  0.301141  0.292524
  0.707055  0.311763
  0.5  0.782784
  0.215974  0.501904
  0.782784  0.5
  0.491946  0.218552
  0.17112  0.82888
  0.82888  0.82888
  0.17112  0.17112
  0.82888  0.17112
  0.425812  0.634483
  0.629223  0.571836
  0.362255  0.445639
  0.562882  0.357395
  0.146802  0.634473
  0.84987  0.634487
  0.366849  0.851052
  0.629968  0.854424
  0.365527  0.146802
  0.148962  0.367453
  0.854424  0.370032
  0.636238  0.15091
  0.317516  0.582115
  0.566777  0.672836
  0.664517  0.453788
  0.419891  0.319536
  0.109144  0.499791
  0.890856  0.499791
  0.500209  0.890856
  0.500209  0.109144
  0.106032  0.740325
  0.893968  0.740325
  0.259675  0.893968
  0.259675  0.106032
  0.740325  0.893968
  0.106032  0.259675
  0.740325  0.106032
  0.893968  0.259675
  0.394472  0.746812
  0.749981  0.608932
  0.255435  0.397354
  0.605902  0.251127
  0.107728  0.892272
  0.892272  0.892272
  0.107728  0.107728
  0.892272  0.107728
  0.411265  0.515783
  0.484637  0.413131
  0.607569  0.741963
  0.749412  0.380902
  0.196163  0.754624
  0.802442  0.760115
  0.245376  0.196163
  0.760063  0.197659
  0.281478  0.805959
  0.719639  0.807989
  0.194169  0.281548
  0.807989  0.280361
  0.519344  0.589306
  0.586898  0.47834
  0.243445  0.630474
  0.369526  0.243445
  0.0772522  0.42686
  0.923231  0.427228
  0.572772  0.923231
  0.573667  0.0775304
  0.0769435  0.573356
  0.922581  0.573358
  0.426833  0.92275
  0.426644  0.0769435
  0.301943  0.497181
  0.640032  0.634544
  0.501106  0.29164
  0.6506  0.355788
  0.078988  0.813724
  0.921012  0.813724
  0.192213  0.92085
  0.186276  0.078988
  0.807787  0.92085
  0.0791502  0.192213
  0.813724  0.078988
  0.92085  0.192213
  0.165283  0.446758
  0.832992  0.448447
  0.551553  0.832992
  0.563639  0.152951
  0.445205  0.838489
  0.165236  0.553006
  0.838121  0.555136
  0.446116  0.165604
  0.363932  0.647165
  0.494179  0.714488
  0.717899  0.506637
  0.351284  0.356807
  0.0752287  0.330892
  0.925324  0.331314
  0.668686  0.925324
  0.670059  0.0762895
  0.0749777  0.669461
  0.923838  0.669765
  0.330802  0.924774
  0.330539  0.0749777
  0.545153  0.430246
  0.674316  0.225327
  0.776641  0.674644
  0.430898  0.453581
  0.2458  0.561169
  0.427236  0.247666
  0.581737  0.602051
  0.552219  0.747393
  0.749635  0.439331
  0.385776  0.580099
  0.419665  0.389264
  0.21974  0.337126
  0.328713  0.77774
  0.617508  0.410876
  0.45066  0.572026
  0.56496  0.541764
  0.66892  0.781347
  0.790119  0.334826
  0.210745  0.682381
  0.318538  0.211139
  0.848666  0.708673
  0.708951  0.15183
  0.05042  0.735227
  0.950587  0.733984
  0.265659  0.949521
  0.734268  0.9496
  0.0504791  0.265672
  0.264773  0.05042
  0.9496  0.265732
  0.734014  0.0494256
  0.232434  0.837099
  0.770047  0.84162
  0.162908  0.232437
  0.838668  0.231739
  0.0566639  0.943336
  0.942749  0.942749
  0.0566639  0.0566639
  0.943336  0.0566639
  0.632902  0.298861
  0.0491917  0.500001
  0.950809  0.500038
  0.499981  0.950826
  0.500053  0.0492201
  0.25206  0.450734
  0.703675  0.647846
  0.567299  0.291236
  0.148347  0.706314
  0.293795  0.148394
  0.300721  0.852117
  0.699279  0.852117
  0.147883  0.300721
  0.851983  0.300941
  0.149431  0.771272
  0.848817  0.77209
  0.228736  0.149435
  0.772101  0.151214
  0.442536  0.763839
  0.764499  0.558528
  0.0486759  0.883713
  0.951207  0.883595
  0.116878  0.952788
  0.116287  0.0486759
  0.0472117  0.116878
  0.883039  0.952704
  0.952788  0.116878
  0.883713  0.0486759
  0.203085  0.397777
  0.557778  0.218988
  0.288135  0.355185
  0.481223  0.646941
  0.644788  0.511615
  0.427332  0.697194
  0.697038  0.571438
  0.312868  0.655136
  0.351294  0.707701
  0.366162  0.300385
  0.304732  0.412811
  0.351411  0.5275
  0.471266  0.348791
  0.163909  0.500365
  0.499242  0.83628
  0.836189  0.500844
  0.506536  0.165523
  0.799704  0.611032
  0.608411  0.199878
  0.798039  0.395031
  0.603081  0.798099
  0.64904  0.697633
  0.693099  0.390566
  0.196556  0.606228
  0.393171  0.196693
  0.392527  0.799634
  0.256378  0.756969
  0.742878  0.753225
  0.245988  0.257244
  0.753543  0.25874
