  62  106  188
  63  189  107
  64  108  190
  65  191  109
  62  98  130
  62  132  98
  63  131  99
  64  100  133
  63  99  134
  64  135  100
  65  136  101
  65  101  137
  106  250  188
  107  189  251
  108  252  190
  109  191  253
  110  188  250
  111  251  189
  112  190  252
  113  253  191
  60  166  139
  58  165  140
  68  102  235
  69  103  236
  139  166  243
  140  165  244
  79  245  104
  57  105  246
  69  196  129
  69  203  196
  53  103  158
  57  175  105
  53  102  161
  53  161  103
  62  210  106
  63  107  211
  64  212  108
  65  109  213
  11  12  118
  47  119  48
  35  120  36
  23  24  121
  9  10  122
  45  123  46
  33  124  34
  21  22  125
  115  228  173
  53  172  102
  69  158  103
  12  150  118
  48  119  151
  36  120  152
  24  153  121
  9  122  154
  45  155  123
  33  156  124
  21  125  157
  68  161  102
  11  118  197
  47  198  119
  35  199  120
  23  121  200
  10  197  122
  46  123  198
  34  124  199
  22  200  125
  79  104  165
  61  225  128
  228  67  173
  14  135  184
  50  186  137
  7  180  130
  38  183  134
  43  131  181
  26  136  187
  31  132  182
  19  185  133
  128  225  203
  6  7  130
  42  131  43
  14  15  135
  38  134  39
  50  137  51
  30  132  31
  26  27  136
  18  19  133
  138  224  201
  54  176  116
  56  177  117
  59  138  201
  62  188  132
  63  134  189
  64  190  135
  65  137  191
  67  230  127
  79  127  245
  57  246  129
  68  235  126
  69  236  128
  127  230  202
  70  122  143
  71  144  123
  82  143  122
  83  123  144
  72  142  124
  84  124  142
  74  125  145
  85  145  125
  84  140  120
  73  120  140
  82  118  138
  85  121  141
  83  139  119
  77  141  121
  75  138  118
  76  119  139
  53  158  115
  54  250  176
  56  252  177
  82  197  118
  83  119  198
  84  120  199
  85  200  121
  84  199  124
  82  122  197
  83  198  123
  85  125  200
  68  126  234
  12  13  150
  48  151  49
  36  152  37
  24  25  153
  8  9  154
  44  155  45
  32  156  33
  20  21  157
  70  154  122
  71  123  155
  72  124  156
  74  157  125
  73  152  120
  75  118  150
  77  121  153
  76  151  119
  53  114  172
  91  184  135
  93  137  186
  90  134  183
  86  130  180
  92  187  136
  87  181  131
  88  182  132
  89  133  185
  62  130  210
  63  211  131
  64  133  212
  65  213  136
  126  201  234
  55  251  174
  57  253  175
  54  116  231
  88  132  188
  90  189  134
  91  135  190
  93  191  137
  59  162  143
  61  163  145
  80  115  171
  55  174  245
  54  170  250
  56  169  252
  79  114  164
  147  214  229
  148  215  230
  78  116  162
  58  214  147
  60  215  148
  53  173  114
  53  115  173
  86  210  130
  87  131  211
  89  212  133
  92  136  213
  79  227  114
  80  228  115
  67  164  173
  78  162  126
  59  126  162
  81  163  128
  61  128  163
  79  164  127
  67  127  164
  78  231  116
  56  117  233
  146  229  232
  66  229  146
  145  163  248
  143  162  247
  111  174  251
  113  175  253
  106  176  250
  108  177  252
  55  160  251
  57  159  253
  112  252  169
  110  250  170
  71  155  178
  77  153  179
  87  178  155
  92  179  153
  246  80  171
  129  246  171
  54  232  170
  109  253  159
  107  251  160
  56  226  169
  117  163  233
  81  233  163
  104  244  165
  105  243  166
  66  172  227
  69  129  171
  55  202  160
  70  204  154
  74  205  157
  96  201  224
  115  158  171
  86  154  204
  89  157  205
  57  196  159
  114  227  172
  72  156  206
  73  207  152
  75  150  208
  76  209  151
  58  147  165
  79  165  147
  60  148  166
  80  166  148
  88  206  156
  90  152  207
  91  208  150
  93  151  209
  66  146  167
  78  167  146
  68  149  168
  81  168  149
  6  130  216
  42  217  131
  30  218  132
  98  132  218
  98  216  130
  18  133  219
  99  131  217
  100  219  133
  99  221  134
  39  134  221
  100  135  220
  27  223  136
  101  136  223
  15  220  135
  101  222  137
  51  137  222
  78  126  235
  81  128  236
  104  245  174
  2  5  192
  2  192  29
  1  194  16
  1  17  194
  4  193  41
  4  40  193
  3  52  195
  3  195  28
  97  196  203
  59  201  126
  69  128  203
  57  129  196
  78  146  231
  56  233  149
  79  147  227
  80  148  228
  91  150  184
  90  183  152
  13  184  150
  93  186  151
  37  152  183
  49  151  186
  92  153  187
  25  187  153
  8  154  180
  88  156  182
  32  182  156
  44  181  155
  86  180  154
  20  157  185
  87  155  181
  89  185  157
  94  229  214
  95  230  215
  95  160  202
  112  169  208
  75  208  169
  97  159  196
  71  241  144
  70  143  247
  74  145  248
  77  242  141
  73  140  244
  76  139  243
  82  138  237
  59  237  138
  83  239  139
  60  139  239
  58  140  238
  84  238  140
  85  141  240
  58  238  142
  84  142  238
  82  237  143
  59  143  237
  83  144  239
  85  240  145
  61  145  240
  60  239  144
  77  179  159
  109  159  179
  110  170  206
  72  206  170
  94  232  229
  72  249  142
  58  142  214
  60  144  215
  68  168  161
  103  161  168
  75  224  138
  71  178  160
  107  160  178
  68  234  149
  81  149  233
  56  149  226
  66  227  229
  147  229  227
  67  228  230
  148  230  228
  97  203  225
  69  171  158
  54  231  232
  146  232  231
  66  167  172
  61  240  225
  141  225  240
  95  202  230
  55  245  202
  127  202  245
  7  8  180
  43  181  44
  31  182  32
  37  183  38
  13  14  184
  19  20  185
  49  186  50
  25  26  187
  10  11  197
  46  198  47
  34  199  35
  22  23  200
  5  6  216
  41  217  42
  29  218  30
  15  16  220
  39  221  40
  17  18  219
  51  222  52
  27  28  223
  96  234  201
  116  247  162
  117  248  163
  114  173  164
  80  246  166
  105  166  246
  106  210  204
  108  212  205
  78  235  167
  102  167  235
  103  168  236
  81  236  168
  94  170  232
  102  172  167
  96  169  226
  86  204  210
  89  205  212
  97  242  159
  77  159  242
  70  247  176
  116  176  247
  74  248  177
  117  177  248
  71  160  241
  95  241  160
  111  207  174
  73  174  207
  113  209  175
  76  175  209
  110  206  188
  88  188  206
  111  189  207
  90  207  189
  112  208  190
  91  190  208
  113  191  209
  93  209  191
  87  211  178
  107  178  211
  109  179  213
  92  213  179
  96  224  169
  75  169  224
  106  204  176
  108  205  177
  94  249  170
  72  170  249
  104  174  244
  73  244  174
  105  175  243
  76  243  175
  144  241  215
  70  176  204
  74  177  205
  141  242  225
  98  192  216
  5  216  192
  99  217  193
  41  193  217
  99  193  221
  100  220  194
  40  221  193
  98  218  192
  29  192  218
  16  194  220
  101  195  222
  52  222  195
  28  195  223
  101  223  195
  17  219  194
  100  194  219
  142  249  214
  149  234  226
  94  214  249
  96  226  234
  95  215  241
  97  225  242
