  0  0
  0  1
  1  1
  1  0
  0  0.125
  0  0.25
  0  0.375
  0  0.5
  0  0.625
  0  0.75
  0  0.875
  0.125  1
  0.25  1
  0.375  1
  0.5  1
  0.625  1
  0.75  1
  0.875  1
  1  0.875
  1  0.75
  1  0.625
  1  0.5
  1  0.375
  1  0.25
  1  0.125
  0.875  0
  0.75  0
  0.625  0
  0.5  0
  0.375  0
  0.25  0
  0.125  0
  0.469706  0.879834
  0.103915  0.48186
  0.557881  0.126662
  0.909764  0.513076
  0.10092  0.678864
  0.699282  0.875541
  0.913133  0.304419
  0.313475  0.116536
  0.786053  0.115774
  0.110734  0.239772
  0.88866  0.796333
  0.233519  0.882416
  0.108117  0.362665
  0.218446  0.356064
  0.210221  0.481278
  0.321423  0.48524
  0.321244  0.61955
  0.431602  0.488924
  0.429928  0.370078
  0.537384  0.495814
  0.543877  0.625319
  0.639052  0.503717
  0.627184  0.374474
  0.646279  0.631514
  0.72621  0.378724
  0.664488  0.75325
  0.739422  0.632573
  0.600358  0.250799
  0.559582  0.753234
  0.448466  0.752295
  0.333003  0.753713
  0.217453  0.759994
  0.222494  0.233923
  0.184735  0.621693
  0.906659  0.638553
  0.671464  0.121573
  0.500202  0.265793
  0.451155  0.155604
  0.349471  0.225621
  0.912078  0.390166
  0.0990503  0.568378
  0.43649  0.620842
  0.732072  0.509127
  0.799597  0.851382
  0.229641  0.116221
  0.906311  0.196111
  0.107204  0.762872
  0.706336  0.248849
  0.758325  0.741047
  0.327905  0.362109
  0.588257  0.877857
  0.525503  0.376647
  0.352562  0.879635
  0.116571  0.119991
  0.116393  0.879792
  0.925101  0.883007
  0.893442  0.114036
  0.42978  0.289202
  0.822187  0.634157
  0.821294  0.387083
  0.821518  0.51202
  0.820075  0.725573
  0.83186  0.250099
