  77  65  71  40
  58  61  83  38
  64  44  85  63
  30  70  35  29
  60  35  70  69
  49  63  62  74
  64  63  49  66
  69  70  71  90
  35  60  80  68
  76  43  94  81
  30  40  71  70
  66  37  79  64
  22  36  67  21
  45  7  8  34
  68  28  29  35
  66  47  34  73
  66  73  9  37
  36  22  23  72
  28  68  41  27
  21  67  43  20
  45  34  47  46
  42  45  46  65
  74  53  52  50
  42  6  7  45
  34  8  9  73
  74  50  48  49
  72  23  24  39
  56  54  52  53
  66  49  48  47
  58  56  53  61
  75  57  55  54
  59  75  54  56
  53  74  62  61
  62  33  83  61
  9  10  79  37
  62  63  85  33
  18  76  38  17
  30  31  77  40
  50  51  82  48
  71  65  46  82
  17  38  83  16
  50  52  84  51
  69  84  55  60
  15  33  85  14
  11  2  12  87
  19  88  18  3
  5  86  32  1
  26  89  25  4
  55  57  80  60
  95  41  68  80
  56  58  81  59
  51  84  69  90
  47  48  82  46
  58  38  76  81
  33  15  16  83
  54  55  84  52
  51  90  71  82
  24  25  89  78
  31  32  86  77
  44  13  14  85
  6  42  86  5
  13  44  87  12
  27  41  89  26
  20  43  88  19
  10  11  87  79
  67  36  93  91
  92  93  36  72
  92  57  75  93
  93  75  59  91
  91  94  43  67
  18  88  43  76
  65  77  86  42
  95  78  89  41
  72  39  95  92
  64  79  87  44
  24  78  95  39
  91  59  81  94
  92  95  80  57
