  0  0
  0  1
  1  0
  1  1
  0  0.98
  0  0.96
  0  0.94
  0  0.92
  0  0.9
  0  0.88
  0  0.86
  0  0.84
  0  0.82
  0  0.8
  0  0.78
  0  0.76
  0  0.74
  0  0.72
  0  0.7
  0  0.68
  0  0.66
  0  0.64
  0  0.62
  0  0.6
  0  0.58
  0  0.56
  0  0.54
  0  0.52
  0  0.5
  0  0.48
  0  0.46
  0  0.44
  0  0.42
  0  0.4
  0  0.38
  0  0.36
  0  0.34
  0  0.32
  0  0.3
  0  0.28
  0  0.26
  0  0.24
  0  0.22
  0  0.2
  0  0.18
  0  0.16
  0  0.14
  0  0.12
  0  0.1
  0  0.08
  0  0.06
  0  0.04
  0  0.02
  0.02  0
  0.04  0
  0.06  0
  0.08  0
  0.1  0
  0.12  0
  0.14  0
  0.16  0
  0.18  0
  0.2  0
  0.22  0
  0.24  0
  0.26  0
  0.28  0
  0.3  0
  0.32  0
  0.34  0
  0.36  0
  0.38  0
  0.4  0
  0.42  0
  0.44  0
  0.46  0
  0.48  0
  0.5  0
  0.52  0
  0.54  0
  0.56  0
  0.58  0
  0.6  0
  0.62  0
  0.64  0
  0.66  0
  0.68  0
  0.7  0
  0.72  0
  0.74  0
  0.76  0
  0.78  0
  0.8  0
  0.82  0
  0.84  0
  0.86  0
  0.88  0
  0.9  0
  0.92  0
  0.94  0
  0.96  0
  0.98  0
  0.02  1
  0.04  1
  0.06  1
  0.08  1
  0.1  1
  0.12  1
  0.14  1
  0.16  1
  0.18  1
  0.2  1
  0.22  1
  0.24  1
  0.26  1
  0.28  1
  0.3  1
  0.32  1
  0.34  1
  0.36  1
  0.38  1
  0.4  1
  0.42  1
  0.44  1
  0.46  1
  0.48  1
  0.5  1
  0.52  1
  0.54  1
  0.56  1
  0.58  1
  0.6  1
  0.62  1
  0.64  1
  0.66  1
  0.68  1
  0.7  1
  0.72  1
  0.74  1
  0.76  1
  0.78  1
  0.8  1
  0.82  1
  0.84  1
  0.86  1
  0.88  1
  0.9  1
  0.92  1
  0.94  1
  0.96  1
  0.98  1
  1  0.98
  1  0.96
  1  0.94
  1  0.92
  1  0.9
  1  0.88
  1  0.86
  1  0.84
  1  0.82
  1  0.8
  1  0.78
  1  0.76
  1  0.74
  1  0.72
  1  0.7
  1  0.68
  1  0.66
  1  0.64
  1  0.62
  1  0.6
  1  0.58
  1  0.56
  1  0.54
  1  0.52
  1  0.5
  1  0.48
  1  0.46
  1  0.44
  1  0.42
  1  0.4
  1  0.38
  1  0.36
  1  0.34
  1  0.32
  1  0.3
  1  0.28
  1  0.26
  1  0.24
  1  0.22
  1  0.2
  1  0.18
  1  0.16
  1  0.14
  1  0.12
  1  0.1
  1  0.08
  1  0.06
  1  0.04
  1  0.02
  0.500114  0.498648
  0.292857  0.707143
  0.706377  0.707355
  0.289528  0.293495
  0.709649  0.294
  0.21895  0.501276
  0.497861  0.780596
  0.780314  0.5
  0.496246  0.219112
  0.171329  0.827267
  0.827893  0.830774
  0.169226  0.172107
  0.829944  0.172561
  0.358989  0.567558
  0.569211  0.636471
  0.435076  0.356519
  0.633422  0.43128
  0.151039  0.640449
  0.845206  0.639946
  0.360377  0.845788
  0.359551  0.151039
  0.639623  0.845788
  0.154212  0.360377
  0.642664  0.153436
  0.849116  0.359058
  0.416165  0.681287
  0.332101  0.440083
  0.681126  0.581458
  0.559002  0.33416
  0.112421  0.535814
  0.887439  0.534928
  0.465072  0.887439
  0.464186  0.112421
  0.109945  0.737863
  0.890234  0.739516
  0.260157  0.890134
  0.262137  0.109945
  0.737303  0.891663
  0.108337  0.262697
  0.737842  0.107429
  0.891663  0.262697
  0.258019  0.60579
  0.602549  0.743239
  0.396822  0.256793
  0.743387  0.395976
  0.475428  0.59783
  0.598668  0.527504
  0.102414  0.898476
  0.101524  0.102414
  0.897586  0.898476
  0.898476  0.102414
  0.25159  0.382262
  0.618099  0.251863
  0.560994  0.902852
  0.097148  0.439006
  0.902852  0.439006
  0.560994  0.097148
  0.202999  0.738655
  0.797367  0.737443
  0.261345  0.202999
  0.740714  0.202679
  0.277824  0.800048
  0.720572  0.799447
  0.199167  0.276783
  0.800906  0.2767
  0.409677  0.491135
  0.510619  0.410112
  0.367221  0.755759
  0.75606  0.631482
  0.504785  0.694531
  0.693816  0.498373
  0.348275  0.355542
  0.642499  0.348048
  0.0832281  0.818109
  0.916772  0.818109
  0.182137  0.915896
  0.181891  0.0832281
  0.818109  0.916772
  0.0832281  0.181891
  0.818109  0.0832281
  0.916772  0.181891
  0.34372  0.648701
  0.29925  0.512648
  0.646366  0.654189
  0.485968  0.299066
  0.0800096  0.60851
  0.924452  0.60792
  0.390728  0.920774
  0.39149  0.0800096
  0.665579  0.920135
  0.664994  0.0797126
  0.0798646  0.334421
  0.920135  0.334421
  0.564329  0.824743
  0.175034  0.435288
  0.824743  0.435671
  0.567165  0.170513
  0.424696  0.803123
  0.80259  0.575162
  0.183716  0.565447
  0.434428  0.183543
  0.569116  0.452699
  0.219583  0.667881
  0.331484  0.220927
  0.540855  0.57485
  0.0711876  0.677777
  0.928956  0.678994
  0.31872  0.927663
  0.322223  0.0711876
  0.400899  0.421855
  0.266649  0.45155
  0.548602  0.268687
  0.407152  0.613973
  0.61464  0.59435
  0.670494  0.210538
  0.441984  0.743098
  0.743633  0.559099
  0.66766  0.759564
  0.759847  0.333062
  0.592699  0.390229
  0.428969  0.555653
  0.456818  0.44979
  0.0605288  0.493393
  0.939471  0.493393
  0.506607  0.939471
  0.506607  0.0605288
  0.794053  0.678868
  0.161717  0.498536
  0.502474  0.840455
  0.840085  0.49518
  0.501464  0.161717
  0.156691  0.700664
  0.299336  0.156691
  0.702143  0.157029
  0.229487  0.837565
  0.770513  0.837565
  0.162435  0.229487
  0.838862  0.229796
  0.243506  0.32216
  0.609162  0.939031
  0.609162  0.0609685
  0.0609685  0.390838
  0.939031  0.390838
  0.701909  0.353007
  0.543435  0.737022
  0.391685  0.316809
  0.73961  0.457065
  0.058832  0.941168
  0.0588468  0.0570413
  0.941168  0.941168
  0.941153  0.0570413
  0.0579326  0.554519
  0.942514  0.554366
  0.445547  0.942681
  0.445481  0.0579326
  0.0590494  0.763696
  0.942134  0.766593
  0.233662  0.942164
  0.236304  0.0590494
  0.766049  0.941742
  0.0582577  0.233951
  0.766286  0.0582016
  0.941799  0.233714
  0.154058  0.774557
  0.843784  0.772404
  0.225443  0.154058
  0.772621  0.156288
  0.851436  0.697413
  0.303075  0.852521
  0.697366  0.852808
  0.146844  0.302652
  0.85305  0.302466
  0.249569  0.549921
  0.452689  0.248542
  0.356982  0.510294
  0.489605  0.35611
  0.599988  0.686947
  0.289297  0.650451
  0.349279  0.702845
  0.702845  0.650721
  0.303424  0.571292
  0.862016  0.585728
  0.414158  0.862258
  0.0547468  0.864544
  0.945253  0.864544
  0.133327  0.944824
  0.135456  0.0547468
  0.866673  0.944824
  0.0551757  0.133327
  0.864544  0.0547468
  0.944824  0.133327
  0.463221  0.651225
  0.652778  0.53354
  0.688194  0.403921
  0.306051  0.393481
  0.606519  0.306051
  0.348463  0.282595
  0.612498  0.797618
  0.797618  0.387502
  0.126409  0.588556
  0.411444  0.126409
  0.256303  0.751283
  0.742716  0.749455
  0.250367  0.257174
  0.749962  0.257377
  0.314038  0.757353
  0.650303  0.708187
  0.202525  0.615938
  0.383005  0.204796
  0.709856  0.94847
  0.712465  0.0531692
  0.0515301  0.290144
  0.947073  0.287216
  0.123951  0.852047
  0.876049  0.852047
  0.147953  0.123951
  0.852047  0.123951
  0.200701  0.38731
  0.61206  0.199676
  0.515295  0.633457
  0.632758  0.48467
  0.65511  0.286329
  0.209406  0.787571
  0.791546  0.790599
  0.209401  0.208454
  0.790661  0.208379
  0.292159  0.34212
  0.610212  0.888514
  0.111486  0.389788
  0.890201  0.38984
  0.610698  0.110331
  0.551966  0.505485
  0.496225  0.551052
  0.330195  0.805253
  0.191775  0.328142
  0.671728  0.808613
  0.809795  0.32696
  0.458335  0.400946
  0.553183  0.951351
  0.553183  0.0486489
  0.0486489  0.446817
  0.951351  0.446817
  0.747333  0.680533
  0.548739  0.684111
  0.436724  0.298118
  0.196395  0.870267
  0.8043  0.869972
  0.130028  0.1957
  0.870731  0.196604
  0.111753  0.48533
  0.888247  0.48533
  0.51467  0.888247
  0.51467  0.111753
  0.51914  0.456421
  0.225765  0.431096
  0.568904  0.225765
  0.118678  0.672668
  0.327332  0.118678
  0.452127  0.509034
  0.892831  0.647777
  0.351109  0.891379
  0.802877  0.620952
  0.376298  0.800712
  0.0444578  0.717602
  0.951718  0.718855
  0.28143  0.951594
  0.282398  0.0444578
  0.569669  0.777894
  0.777894  0.430331
  0.544371  0.38287
  0.842672  0.539162
  0.460789  0.840819
  0.68247  0.45277
  0.401806  0.719348
  0.723728  0.598901
  0.358918  0.402452
  0.0455751  0.639639
  0.95433  0.639632
  0.360312  0.954833
  0.360361  0.0455751
  0.702944  0.249866
  0.378257  0.458853
  0.127135  0.808197
  0.872865  0.808197
  0.191803  0.127135
  0.808182  0.127116
  0.244127  0.701075
  0.295496  0.24665
  0.145322  0.894188
  0.854678  0.894188
  0.105812  0.145322
  0.894188  0.145322
  0.334501  0.604112
  0.671453  0.123208
  0.38541  0.370686
  0.457571  0.699479
  0.489051  0.737496
  0.70019  0.541586
  0.737496  0.510949
  0.63045  0.38846
  0.598388  0.349968
  0.319049  0.323052
  0.408934  0.767143
  0.767143  0.591066
  0.39099  0.538967
  0.266048  0.491223
  0.306577  0.470935
  0.52854  0.304072
  0.506564  0.260105
  0.383267  0.650653
  0.609322  0.632627
  0.651653  0.612274
  0.0423197  0.805811
  0.95768  0.805811
  0.194189  0.95768
  0.194189  0.0423197
  0.806444  0.959298
  0.0407018  0.193556
  0.805811  0.0423197
  0.959298  0.193556
  0.223603  0.578281
  0.421935  0.224629
  0.647322  0.957738
  0.647322  0.0422624
  0.0422624  0.352678
  0.957738  0.352678
  0.15453  0.536418
  0.463582  0.15453
  0.66312  0.877425
  0.122616  0.336781
  0.877541  0.337092
  0.13255  0.453604
  0.546525  0.867383
  0.867383  0.453475
  0.546396  0.13255
  0.0409243  0.590482
  0.957413  0.592286
  0.407714  0.957413
  0.409518  0.0409243
  0.602456  0.850166
  0.150758  0.40095
  0.850918  0.400517
  0.601405  0.147121
  0.0970889  0.778502
  0.902911  0.778502
  0.221498  0.0970889
  0.78079  0.097526
  0.221508  0.902916
  0.778492  0.902916
  0.0970836  0.221508
  0.902916  0.221508
  0.549009  0.419072
  0.671652  0.326645
  0.575289  0.604909
  0.891095  0.698481
  0.457783  0.781045
  0.781045  0.542217
  0.301918  0.892732
  0.113303  0.632799
  0.367201  0.113303
  0.0949739  0.960341
  0.0967481  0.0424063
  0.0424063  0.903252
  0.957594  0.903252
  0.905026  0.960341
  0.0413641  0.0942738
  0.903252  0.0424063
  0.958636  0.0942738
  0.211625  0.539642
  0.461764  0.213206
  0.900693  0.579163
  0.426851  0.895683
  0.329107  0.540795
  0.699665  0.899547
  0.100453  0.300335
  0.899547  0.300335
  0.181407  0.670352
  0.330226  0.182807
  0.599232  0.432203
  0.834401  0.736553
  0.094055  0.57075
  0.42925  0.094055
  0.698062  0.0984882
  0.1923  0.473619
  0.526216  0.808539
  0.807699  0.474007
  0.526381  0.1923
  0.318185  0.676048
  0.580005  0.565703
  0.765083  0.717482
  0.679533  0.679652
  0.460428  0.332141
  0.295842  0.611867
  0.395167  0.576454
  0.591977  0.48951
  0.702895  0.745817
  0.746134  0.297257
  0.252673  0.646371
  0.368974  0.618328
  0.167104  0.603167
  0.396833  0.167104
  0.574363  0.709496
  0.652007  0.249501
  0.222805  0.357583
  0.201716  0.69967
  0.298638  0.203989
  0.424096  0.453105
  0.0394106  0.522664
  0.960589  0.522664
  0.477336  0.960589
  0.477336  0.0394106
  0.532949  0.538435
  0.438418  0.589403
  0.35927  0.247755
  0.668437  0.372373
  0.51191  0.594874
  0.247374  0.783948
  0.752008  0.783866
  0.215964  0.247147
  0.783866  0.247992
  0.269658  0.834606
  0.730691  0.834417
  0.165615  0.269472
  0.834417  0.269309
  0.298095  0.432271
  0.564648  0.298168
  0.425298  0.644296
  0.645691  0.572701
  0.145152  0.733871
  0.266129  0.145152
  0.739382  0.168084
  0.671813  0.173911
  0.701654  0.195625
  0.10052  0.702956
  0.297044  0.10052
  0.811491  0.517219
  0.482109  0.812629
  0.229784  0.466428
  0.533692  0.230127
  0.384857  0.685302
  0.690471  0.616393
  0.719889  0.425691
  0.340316  0.473286
  0.52241  0.341318
  0.63093  0.766146
  0.764214  0.370387
  0.0354162  0.685822
  0.966754  0.687422
  0.312329  0.966898
  0.314178  0.0354162
  0.42317  0.392825
  0.887426  0.615123
  0.387011  0.884501
  0.677855  0.96567
  0.677907  0.0339394
  0.0343303  0.322145
  0.96567  0.322145
  0.0814799  0.644946
  0.355054  0.0814799
  0.254792  0.293672
  0.725345  0.325627
  0.0884255  0.853273
  0.911574  0.853273
  0.146727  0.0884255
  0.853273  0.0884255
  0.461  0.566297
  0.0771539  0.527531
  0.918885  0.523672
  0.476328  0.918885
  0.472469  0.0771539
  0.534633  0.773306
  0.773306  0.465367
  0.187444  0.513644
  0.485132  0.186642
  0.266559  0.418061
  0.582244  0.266998
  0.524677  0.66416
  0.834029  0.606955
  0.391168  0.837414
  0.0323255  0.967267
  0.0323255  0.0327325
  0.967674  0.967267
  0.967674  0.0327325
  0.162362  0.861197
  0.837638  0.861197
  0.138803  0.162362
  0.862042  0.162405
  0.262477  0.673571
  0.584377  0.965819
  0.584377  0.0341814
  0.0341814  0.415623
  0.965819  0.415623
  0.0339282  0.839336
  0.966072  0.839336
  0.159997  0.967335
  0.160664  0.0339282
  0.840003  0.967335
  0.839336  0.0339282
  0.032665  0.159997
  0.967335  0.159997
  0.812229  0.70367
  0.493087  0.468358
  0.615096  0.555829
  0.743002  0.968521
  0.742474  0.0345733
  0.0314792  0.256998
  0.965427  0.257526
  0.321351  0.724561
  0.829541  0.672683
  0.630453  0.914473
  0.631261  0.0837781
  0.0855265  0.369547
  0.914473  0.369547
  0.920016  0.71742
  0.0328691  0.479534
  0.967131  0.479534
  0.520466  0.967131
  0.520466  0.0328691
  0.282542  0.9201
  0.542786  0.612851
  0.233149  0.871995
  0.771886  0.873229
  0.126771  0.228114
  0.869922  0.233224
  0.361264  0.324973
  0.660064  0.502133
  0.738137  0.924022
  0.738062  0.0739958
  0.0759782  0.261863
  0.926407  0.262517
  0.327056  0.257065
  0.0754036  0.73957
  0.26043  0.0754036
  0.639431  0.217164
  0.692432  0.781515
  0.781789  0.309273
  0.868013  0.668148
  0.442855  0.479534
  0.334881  0.865159
  0.638481  0.315079
  0.733473  0.363921
  0.42444  0.326435
  0.678719  0.723976
  0.450817  0.620884
  0.285896  0.544028
  0.37799  0.287032
  0.341761  0.776119
  0.490748  0.439456
  0.269672  0.574152
  0.436392  0.425701
  0.57839  0.875085
  0.124915  0.42161
  0.57839  0.124915
  0.875085  0.42161
  0.617309  0.714082
  0.785941  0.647737
  0.315706  0.362005
  0.420814  0.523019
  0.0758754  0.46293
  0.924125  0.46293
  0.53707  0.924125
  0.53707  0.0758754
  0.259178  0.350174
  0.562105  0.535483
  0.57594  0.932101
  0.57594  0.0678994
  0.0678994  0.42406
  0.932101  0.42406
  0.640447  0.813602
  0.813602  0.359553
  0.0310019  0.747287
  0.969318  0.747628
  0.251957  0.969592
  0.252713  0.0310019
  0.682672  0.270457
  0.203072  0.823069
  0.796928  0.823069
  0.176931  0.203072
  0.823069  0.203072
  0.710214  0.127145
  0.287998  0.738765
  0.633687  0.684184
  0.426483  0.267414
  0.612503  0.460244
  0.187823  0.359949
  0.708946  0.470733
  0.187787  0.766824
  0.178141  0.797497
  0.812464  0.766803
  0.821781  0.798229
  0.233176  0.187787
  0.201771  0.178219
  0.76644  0.187739
  0.796794  0.174851
  0.0704782  0.91413
  0.0858699  0.0704782
  0.929522  0.91413
  0.91413  0.0704782
  0.512641  0.378248
  0.531817  0.709365
  0.640004  0.122762
  0.131076  0.509578
  0.868924  0.509578
  0.490422  0.868924
  0.490422  0.131076
  0.127442  0.765286
  0.874658  0.766365
  0.234714  0.127442
  0.766509  0.12507
  0.175765  0.724214
  0.275786  0.175765
  0.213619  0.30649
  0.316989  0.634743
  0.302247  0.819636
  0.370144  0.725942
  0.724997  0.628778
  0.283187  0.375454
  0.149553  0.670383
  0.329617  0.149553
  0.105933  0.930153
  0.894067  0.930153
  0.0698471  0.105933
  0.930153  0.105933
  0.63971  0.186359
  0.656645  0.406265
  0.922743  0.63944
  0.35164  0.923877
  0.652657  0.461431
  0.57194  0.365062
  0.485029  0.628629
  0.629527  0.51569
  0.223418  0.760647
  0.771737  0.758454
  0.239614  0.223148
  0.760475  0.225273
  0.461801  0.369571
  0.624695  0.281114
  0.717249  0.677998
  0.480913  0.523662
  0.28203  0.769075
  0.617859  0.971431
  0.617859  0.0285693
  0.0285693  0.382141
  0.971431  0.382141
  0.430094  0.71159
  0.714141  0.569187
  0.644849  0.738834
  0.128343  0.711979
  0.288021  0.128343
  0.178557  0.299885
  0.162104  0.332678
  0.572335  0.747498
  0.378923  0.490667
  0.274981  0.317491
  0.713883  0.38943
  0.365611  0.432065
  0.0662626  0.970372
  0.0679293  0.0291246
  0.0286551  0.93232
  0.933737  0.970372
  0.029757  0.0660105
  0.932071  0.0291246
  0.971345  0.93232
  0.970243  0.0660105
  0.244284  0.517771
  0.477149  0.269587
  0.699384  0.821703
  0.668883  0.840429
  0.840789  0.330961
  0.822244  0.300633
  0.864409  0.724321
  0.0301314  0.778196
  0.969869  0.778196
  0.221804  0.969869
  0.221804  0.0301314
  0.77755  0.969531
  0.77755  0.0304689
  0.0304689  0.22245
  0.969531  0.22245
  0.52625  0.485826
  0.329783  0.835365
  0.181106  0.634499
  0.365828  0.180776
  0.0296634  0.565215
  0.971487  0.558653
  0.441347  0.971487
  0.434785  0.0296634
  0.733307  0.719425
  0.591514  0.657589
  0.327799  0.412018
  0.152319  0.921646
  0.847681  0.921646
  0.0783539  0.152319
  0.921646  0.152319
  0.276129  0.864898
  0.723871  0.864898
  0.135102  0.276129
  0.864898  0.276129
  0.308012  0.787012
  0.129483  0.559527
  0.440473  0.129483
  0.226177  0.40096
  0.599288  0.228251
  0.23032  0.276916
  0.652148  0.787071
  0.787042  0.345233
  0.492314  0.667393
  0.516875  0.75061
  0.750711  0.4831
  0.721328  0.771474
  0.770107  0.278283
  0.867665  0.556333
  0.835934  0.568947
  0.431092  0.835693
  0.442786  0.86573
  0.326949  0.504086
  0.495492  0.326353
  0.249431  0.813741
  0.750569  0.813741
  0.186259  0.249431
  0.813741  0.249431
  0.355716  0.673653
  0.674092  0.644092
  0.593343  0.819934
  0.819934  0.406657
  0.729276  0.23133
  0.917198  0.749945
  0.163291  0.465868
  0.536494  0.83678
  0.836257  0.465838
  0.534132  0.163291
  0.250535  0.917569
  0.232729  0.728805
  0.271606  0.232397
  0.480596  0.240382
  0.928566  0.580605
  0.420215  0.931352
  0.5981  0.76585
  0.770007  0.403062
  0.750245  0.427041
  0.409128  0.292651
  0.138609  0.615044
  0.384956  0.138609
  0.634868  0.874609
  0.125389  0.365111
  0.875377  0.36365
  0.068466  0.793024
  0.933536  0.793321
  0.205819  0.932013
  0.206976  0.068466
  0.793024  0.931534
  0.068466  0.206976
  0.793024  0.068466
  0.931534  0.206976
  0.173512  0.887939
  0.826488  0.887939
  0.112061  0.173512
  0.887939  0.173512
  0.124592  0.971949
  0.0283972  0.875879
  0.124121  0.0283972
  0.971603  0.875879
  0.875408  0.971949
  0.875879  0.0283972
  0.0280512  0.124592
  0.971949  0.124592
  0.446119  0.673477
  0.673787  0.553455
  0.3414  0.746082
  0.331567  0.571546
  0.813217  0.648222
  0.742127  0.138546
  0.062449  0.834971
  0.937551  0.834971
  0.165029  0.062449
  0.834971  0.062449
  0.381574  0.343494
  0.222589  0.639582
  0.197999  0.417045
  0.582342  0.196881
  0.359922  0.538804
  0.0668953  0.582262
  0.417738  0.0668953
  0.722752  0.268837
  0.335888  0.38359
  0.355488  0.816325
  0.142962  0.830701
  0.857038  0.830701
  0.169299  0.142962
  0.832639  0.143971
  0.276325  0.269003
  0.585362  0.325359
  0.0272681  0.617495
  0.972732  0.617495
  0.382505  0.972732
  0.382505  0.0272681
  0.111662  0.601443
  0.398557  0.111662
  0.484781  0.387015
  0.734497  0.654603
  0.0803002  0.881244
  0.9197  0.881244
  0.118756  0.0803002
  0.881244  0.0803002
  0.321017  0.292987
  0.694023  0.927219
  0.0727806  0.305977
  0.927122  0.306337
  0.679276  0.523977
  0.454205  0.813589
  0.810949  0.547469
  0.384776  0.231494
  0.112904  0.83262
  0.887096  0.83262
  0.16738  0.112904
  0.832625  0.112885
  0.155601  0.573277
  0.426723  0.155601
  0.473436  0.491609
  0.118943  0.880482
  0.881057  0.880482
  0.119518  0.118943
  0.880482  0.118943
  0.173425  0.386244
  0.538713  0.647414
  0.270582  0.520483
  0.0716144  0.706671
  0.293329  0.0716144
  0.387883  0.401565
  0.588504  0.905036
  0.0949644  0.411496
  0.588504  0.0949644
  0.906761  0.4089
  0.359234  0.216358
  0.198671  0.590094
  0.230479  0.606446
  0.409906  0.198671
  0.0257013  0.29
  0.71  0.974299
  0.974299  0.29
  0.709978  0.0253062
  0.295192  0.679005
  0.200688  0.446026
  0.553974  0.200688
  0.45016  0.536834
  0.691666  0.0710375
  0.576086  0.418517
  0.025926  0.657639
  0.974074  0.657639
  0.342361  0.974074
  0.342361  0.025926
  0.616139  0.172038
  0.126342  0.912077
  0.873658  0.912077
  0.0879228  0.126342
  0.912077  0.126342
  0.101022  0.510127
  0.899222  0.510357
  0.489643  0.899222
  0.489873  0.101022
  0.773096  0.690464
  0.181155  0.545691
  0.459076  0.182946
  0.275019  0.623528
  0.554876  0.801415
  0.801415  0.445124
  0.472925  0.756508
  0.756508  0.527075
  0.37516  0.594263
  0.699592  0.217666
  0.662437  0.155337
  0.609604  0.379059
  0.617345  0.660913
  0.330052  0.901627
  0.901399  0.66738
  0.551705  0.475125
  0.408398  0.351439
  0.618506  0.82699
  0.829145  0.381442
  0.677435  0.47971
  0.576351  0.506483
  0.491324  0.576173
  0.137769  0.480584
  0.86204  0.480295
  0.519705  0.86204
  0.519416  0.137769
  0.172389  0.942567
  0.824612  0.942881
  0.0571194  0.175388
  0.942881  0.175388
  0.613098  0.328909
  0.623725  0.409785
  0.915765  0.551669
  0.448331  0.915765
  0.383526  0.778182
  0.777617  0.616804
  0.546596  0.446449
  0.434517  0.780951
  0.780906  0.56547
  0.468616  0.727509
  0.728511  0.529875
  0.520208  0.567655
  0.679153  0.239216
  0.266065  0.724162
  0.666365  0.432073
  0.858585  0.616771
  0.384102  0.85721
  0.570281  0.847629
  0.149858  0.429458
  0.847629  0.429719
  0.570614  0.151951
  0.50695  0.526596
  0.0570792  0.615912
  0.941978  0.615495
  0.383993  0.942719
  0.384088  0.0570792
  0.681397  0.297231
  0.700035  0.318382
  0.564733  0.665758
  0.798149  0.595444
  0.404533  0.798237
  0.368318  0.377821
  0.761763  0.659924
  0.4524  0.278355
  0.586178  0.622025
  0.670766  0.346983
  0.561701  0.393914
  0.219326  0.338207
  0.152948  0.808041
  0.847052  0.808041
  0.191959  0.152948
  0.806493  0.158302
  0.024939  0.709906
  0.971794  0.709549
  0.292633  0.974612
  0.290094  0.024939
  0.109255  0.45465
  0.890734  0.454629
  0.545371  0.890734
  0.54535  0.109255
  0.634963  0.630707
  0.285179  0.494498
  0.50978  0.290229
  0.168244  0.750009
  0.249991  0.168244
  0.391309  0.745244
  0.422451  0.741998
  0.745386  0.608505
  0.742233  0.577973
  0.192481  0.842866
  0.809738  0.840747
  0.159253  0.190262
  0.842333  0.210784
  0.656013  0.102881
  0.522864  0.43101
  0.392285  0.50577
  0.295419  0.324348
  0.309076  0.269304
  0.0206217  0.449615
  0.979378  0.449615
  0.550385  0.979378
  0.550385  0.0206217
  0.721036  0.487588
  0.463688  0.307523
  0.261237  0.855239
  0.73868  0.85522
  0.144794  0.261385
  0.856515  0.258259
  0.0907107  0.664529
  0.335471  0.0907107
  0.615892  0.137732
  0.695442  0.431001
  0.244565  0.42972
  0.569372  0.245652
  0.131046  0.647226
  0.352774  0.131046
  0.691793  0.871762
  0.128182  0.308186
  0.871796  0.308183
  0.856604  0.746595
  0.399177  0.470624
  0.219999  0.811978
  0.774722  0.809796
  0.190204  0.225278
  0.81012  0.224997
  0.464103  0.425673
  0.588908  0.800255
  0.800255  0.411092
  0.57472  0.691695
  0.532182  0.400506
  0.506567  0.720853
  0.229796  0.695137
  0.306728  0.226578
  0.655323  0.899066
  0.100939  0.344664
  0.899081  0.344703
  0.0287304  0.501341
  0.97127  0.501341
  0.498659  0.97127
  0.498659  0.0287304
  0.197964  0.900206
  0.799999  0.89691
  0.10309  0.200001
  0.89691  0.200001
  0.543834  0.34792
  0.529004  0.508006
  0.10249  0.800288
  0.89751  0.800288
  0.199712  0.10249
  0.799672  0.102488
  0.0569575  0.665752
  0.948483  0.664039
  0.335961  0.948483
  0.334248  0.0569575
  0.0914286  0.546132
  0.453868  0.0914286
  0.473778  0.677839
  0.870801  0.637793
  0.361058  0.874206
  0.402967  0.699267
  0.697332  0.59661
  0.0868485  0.485764
  0.913152  0.485764
  0.514236  0.913152
  0.514236  0.0868485
  0.174846  0.407429
  0.586227  0.180422
  0.489436  0.407481
  0.259041  0.941248
  0.786126  0.718437
  0.943144  0.737317
  0.0831852  0.937572
  0.0615762  0.0830286
  0.916815  0.937572
  0.938424  0.0830286
  0.296188  0.935944
  0.217506  0.852977
  0.781645  0.854727
  0.145273  0.218355
  0.93593  0.702969
  0.250458  0.583897
  0.666967  0.945152
  0.667169  0.0531796
  0.0548476  0.333033
  0.945152  0.333033
  0.84929  0.179034
  0.594717  0.582098
  0.312013  0.593893
  0.357996  0.794851
  0.0255713  0.542905
  0.97597  0.540472
  0.459528  0.97597
  0.457095  0.0255713
  0.482457  0.704873
  0.705498  0.517915
  0.174203  0.695099
  0.309563  0.177875
  0.367129  0.909541
  0.312575  0.708074
  0.276862  0.700856
  0.504082  0.804423
  0.817915  0.491927
  0.646723  0.371325
  0.394331  0.442592
  0.847611  0.515315
  0.480631  0.848331
  0.229138  0.555411
  0.445529  0.22805
  0.354823  0.459132
  0.697536  0.374581
  0.203469  0.656935
  0.756816  0.0927542
  0.755683  0.906819
  0.0931811  0.244317
  0.907117  0.244398
  0.0797292  0.762117
  0.237883  0.0797292
  0.282754  0.398494
  0.632401  0.938425
  0.631671  0.060196
  0.0615747  0.367599
  0.938425  0.367599
  0.134608  0.690623
  0.309377  0.134608
  0.415176  0.375825
  0.361288  0.30206
  0.207211  0.56318
  0.437315  0.206551
  0.653837  0.676564
  0.601078  0.282993
  0.346874  0.620296
  0.714235  0.917758
  0.0822418  0.285765
  0.917551  0.286773
  0.384989  0.556063
  0.40711  0.553272
  0.416406  0.247849
  0.314763  0.44973
  0.550594  0.312144
  0.410283  0.662983
  0.638705  0.591843
  0.676769  0.901436
  0.0985641  0.323229
  0.901438  0.323233
  0.73311  0.696282
  0.661324  0.97652
  0.661324  0.0234798
  0.0234798  0.338676
  0.97652  0.338676
  0.287583  0.587201
  0.621018  0.858796
  0.141051  0.378717
  0.862267  0.385695
  0.0621766  0.890797
  0.937823  0.890797
  0.109203  0.0621766
  0.890797  0.0621766
  0.71918  0.0787368
  0.342932  0.203364
  0.136126  0.781775
  0.860102  0.780096
  0.218225  0.136126
  0.780106  0.139775
  0.431668  0.499703
  0.608533  0.916942
  0.0830578  0.391467
  0.608533  0.0830578
  0.916942  0.391467
  0.273285  0.472764
  0.532341  0.282797
  0.90407  0.629262
  0.864595  0.533245
  0.470175  0.868285
  0.620387  0.613915
  0.370685  0.638241
  0.0231923  0.818967
  0.976808  0.818967
  0.181033  0.976808
  0.181033  0.0231923
  0.818967  0.976808
  0.818967  0.0231923
  0.0231923  0.181033
  0.976808  0.181033
  0.562238  0.575272
  0.389988  0.630712
  0.138975  0.868073
  0.861025  0.868073
  0.131927  0.138975
  0.868117  0.138977
  0.329433  0.343677
  0.756742  0.447902
  0.238407  0.485534
  0.515724  0.241289
  0.528733  0.257735
  0.691181  0.13614
  0.307764  0.54857
  0.416627  0.590793
  0.830323  0.695919
  0.606794  0.499489
  0.900421  0.596291
  0.411427  0.884011
  0.73965  0.343728
  0.351719  0.588475
  0.289351  0.455151
  0.662244  0.590637
  0.591118  0.451977
  0.212125  0.477219
  0.522794  0.212159
  0.552377  0.709828
  0.549859  0.762491
  0.674764  0.105356
  0.625191  0.351736
  0.823437  0.629521
  0.0521813  0.74231
  0.25769  0.0521813
  0.725478  0.185829
  0.244279  0.665344
  0.181277  0.492351
  0.507649  0.181277
  0.63621  0.261573
  0.165133  0.51637
  0.48363  0.165133
  0.630565  0.53808
  0.447082  0.385699
  0.711894  0.446755
  0.557526  0.556264
  0.478097  0.790814
  0.790469  0.520313
  0.314423  0.872446
  0.685362  0.704471
  0.870739  0.688331
  0.816474  0.59309
  0.407108  0.820079
  0.374548  0.264276
  0.201086  0.67764
  0.596785  0.708558
  0.23583  0.304579
  0.489075  0.755191
  0.756504  0.510212
  0.323302  0.652511
  0.0550575  0.470956
  0.944942  0.470956
  0.529044  0.944942
  0.529044  0.0550575
  0.774001  0.737529
  0.522538  0.689716
  0.460581  0.471671
  0.349567  0.724509
  0.495182  0.608053
  0.319882  0.200564
  0.497669  0.64536
  0.914618  0.69596
  0.142123  0.341765
  0.718466  0.883653
  0.116347  0.281534
  0.883653  0.281534
  0.659121  0.192422
  0.721659  0.212172
  0.40008  0.218896
  0.431092  0.610242
  0.304129  0.914708
  0.657543  0.858101
  0.856477  0.341308
  0.34277  0.300823
  0.0580525  0.533494
  0.942582  0.532715
  0.467285  0.942582
  0.466506  0.0580525
  0.621073  0.735849
  0.693497  0.563253
  0.242293  0.61754
  0.479651  0.541153
  0.182806  0.617151
  0.382849  0.182806
  0.361696  0.477222
  0.111375  0.557507
  0.442493  0.111375
  0.0204104  0.855696
  0.97959  0.855696
  0.144169  0.97974
  0.144304  0.0204104
  0.855831  0.97974
  0.855696  0.0204104
  0.02026  0.144169
  0.97974  0.144169
  0.0612882  0.816902
  0.938712  0.816902
  0.183098  0.0612882
  0.816902  0.0612882
  0.6337  0.237222
  0.207166  0.771838
  0.792086  0.770139
  0.226751  0.206108
  0.769463  0.209301
  0.0162674  0.58977
  0.983733  0.58977
  0.41023  0.983733
  0.41023  0.0162674
  0.718202  0.150647
  0.0922114  0.62638
  0.37362  0.0922114
  0.214006  0.883678
  0.788596  0.883195
  0.116805  0.211404
  0.882603  0.212231
  0.0914692  0.725843
  0.274157  0.0914692
  0.82913  0.760076
  0.562986  0.618667
  0.0916537  0.981232
  0.0887961  0.0212733
  0.908346  0.981232
  0.911204  0.0212733
  0.0212146  0.911235
  0.978785  0.911235
  0.0193194  0.0916897
  0.980681  0.0916897
  0.230369  0.378879
  0.637955  0.978056
  0.637955  0.0219437
  0.0219437  0.362045
  0.978056  0.362045
  0.574907  0.485366
  0.112628  0.657764
  0.342236  0.112628
  0.244913  0.411691
  0.588309  0.244913
  0.680129  0.192768
  0.653197  0.333517
  0.662529  0.306544
  0.53341  0.593639
  0.0262597  0.638853
  0.973728  0.638852
  0.361141  0.973791
  0.361147  0.0262597
  0.375173  0.522925
  0.725672  0.304005
  0.396123  0.597501
  0.0166604  0.729385
  0.982919  0.729383
  0.27025  0.980727
  0.270615  0.0166604
  0.592133  0.601107
  0.885924  0.720343
  0.22245  0.518393
  0.759154  0.978129
  0.759091  0.0222397
  0.0218714  0.240846
  0.97776  0.240909
  0.619672  0.442082
  0.506835  0.480679
  0.577659  0.344754
  0.1336  0.530614
  0.469386  0.1336
  0.307553  0.49277
  0.507582  0.308862
  0.380096  0.418246
  0.445888  0.763841
  0.763841  0.554112
  0.0975456  0.868253
  0.902454  0.868253
  0.131747  0.0975456
  0.868253  0.0975456
  0.716616  0.727274
  0.519736  0.788766
  0.787759  0.478872
  0.69769  0.670854
  0.601231  0.870537
  0.129573  0.399217
  0.483774  0.206856
  0.744735  0.945944
  0.733236  0.0540984
  0.0540556  0.255265
  0.94658  0.268593
  0.656065  0.632512
  0.631027  0.787976
  0.787566  0.36858
  0.547601  0.667958
  0.278822  0.886673
  0.0221518  0.798162
  0.977848  0.798162
  0.201838  0.977848
  0.201838  0.0221518
  0.795625  0.980026
  0.796167  0.0204458
  0.0199742  0.204375
  0.980026  0.204375
  0.551302  0.285476
  0.560652  0.430595
  0.165609  0.554615
  0.445557  0.165669
  0.609127  0.396867
  0.239668  0.891669
  0.688222  0.761095
  0.76339  0.314258
  0.410004  0.633385
  0.452436  0.352558
  0.777482  0.667493
  0.076204  0.442505
  0.923796  0.442505
  0.557495  0.923796
  0.557495  0.076204
  0.212219  0.720025
  0.279975  0.212219
  0.443313  0.315322
  0.88763  0.551681
  0.446383  0.887139
  0.260296  0.770153
  0.838008  0.713314
  0.0523322  0.699972
  0.300028  0.0523322
  0.415817  0.570667
  0.814474  0.730958
  0.458971  0.584623
  0.510249  0.357853
  0.0188145  0.429451
  0.981186  0.429451
  0.570549  0.981186
  0.570549  0.0188145
  0.920332  0.660771
  0.594667  0.546796
  0.0497815  0.981105
  0.050331  0.0187654
  0.950219  0.981105
  0.949669  0.0187654
  0.0180349  0.949115
  0.0184491  0.0501281
  0.981965  0.949115
  0.981551  0.0501281
  0.690244  0.174961
  0.8828  0.58483
  0.407551  0.904692
  0.3832  0.708339
  0.712815  0.610681
  0.442729  0.568848
  0.268103  0.656277
  0.946533  0.575359
  0.424511  0.947226
  0.658343  0.26872
  0.720947  0.0962377
  0.33897  0.520005
  0.118385  0.793611
  0.880552  0.789681
  0.206389  0.118385
  0.790193  0.119522
  0.372004  0.829416
  0.626215  0.574552
  0.656424  0.481678
  0.92026  0.768391
  0.900865  0.757275
  0.339404  0.686163
  0.316026  0.614773
  0.106467  0.758644
  0.241356  0.106467
  0.231184  0.92147
  0.206794  0.370781
  0.316645  0.523551
  0.373806  0.669535
  0.106573  0.369276
  0.630723  0.893427
  0.892155  0.368469
  0.252905  0.474156
  0.774047  0.0768331
  0.774049  0.923171
  0.0768287  0.225951
  0.923171  0.225951
  0.688825  0.33565
  0.0528185  0.921337
  0.0786631  0.0528185
  0.947182  0.921337
  0.921337  0.0528185
  0.421968  0.472487
  0.601095  0.127605
  0.277975  0.434405
  0.338525  0.242511
  0.482736  0.338482
  0.416511  0.436522
  0.63408  0.454499
  0.0487216  0.573562
  0.426438  0.0487216
  0.447598  0.639241
  0.308718  0.34161
  0.369022  0.930157
  0.113233  0.948952
  0.886767  0.948952
  0.0524721  0.1126
  0.947528  0.1126
  0.259746  0.331458
  0.700052  0.801054
  0.802673  0.308106
  0.081899  0.504042
  0.919558  0.501637
  0.498363  0.919558
  0.495958  0.081899
  0.245178  0.683855
  0.0494873  0.784787
  0.950573  0.785052
  0.214042  0.949995
  0.215213  0.0494873
  0.784858  0.950411
  0.784858  0.0495895
  0.0495895  0.215142
  0.950411  0.215142
  0.230797  0.259753
  0.500275  0.452678
  0.238885  0.340394
  0.664474  0.74044
  0.618541  0.218244
  0.524217  0.730239
  0.345308  0.555075
  0.599936  0.979111
  0.599936  0.0208894
  0.0208894  0.400064
  0.979111  0.400064
  0.0476677  0.503493
  0.952332  0.503493
  0.496507  0.952332
  0.496507  0.0476677
  0.747074  0.184999
  0.165051  0.656997
  0.343003  0.165051
  0.660264  0.230243
  0.670517  0.394896
  0.0717911  0.629103
  0.370897  0.0717911
  0.318285  0.428033
  0.741518  0.275542
  0.631842  0.103799
  0.0921085  0.592046
  0.109826  0.580296
  0.407954  0.0921085
  0.419704  0.109826
  0.478891  0.318728
  0.758234  0.697651
  0.28378  0.818006
  0.518871  0.613543
  0.739996  0.768965
  0.769349  0.259869
  0.512292  0.825293
  0.201851  0.345329
  0.752507  0.154549
  0.440458  0.459676
  0.690265  0.944768
  0.0552317  0.309735
  0.945345  0.309011
  0.343932  0.261323
  0.69289  0.116717
  0.677858  0.860266
  0.860812  0.322344
  0.448518  0.723991
  0.671932  0.779745
  0.778073  0.327679
  0.128258  0.745546
  0.254454  0.128258
  0.733517  0.473988
  0.399937  0.677258
  0.406553  0.403384
  0.0173667  0.272811
  0.982079  0.272418
  0.727189  0.982633
  0.72711  0.0177523
  0.543457  0.81877
  0.181605  0.454554
  0.818517  0.456512
  0.545602  0.181317
  0.613083  0.481511
  0.323441  0.466424
  0.538704  0.327767
  0.136324  0.32158
  0.707864  0.408657
  0.296423  0.631759
  0.304703  0.661601
  0.30064  0.723737
  0.437419  0.689958
  0.692911  0.982423
  0.692851  0.0172786
  0.0175767  0.307089
  0.982423  0.307089
  0.561727  0.8822
  0.117787  0.438298
  0.882239  0.43821
  0.561765  0.117748
  0.0200723  0.979928
  0.0200723  0.0200723
  0.979928  0.979928
  0.979928  0.0200723
  0.15488  0.944796
  0.844144  0.943978
  0.0560216  0.155856
  0.943978  0.155856
  0.0770346  0.560364
  0.439636  0.0770346
  0.0891094  0.91723
  0.910891  0.91723
  0.0826487  0.089087
  0.917351  0.089087
  0.217196  0.446527
  0.553493  0.217254
  0.439313  0.406556
  0.596657  0.414044
  0.750979  0.731169
  0.180788  0.58525
  0.414487  0.180424
  0.545154  0.523661
  0.705193  0.270493
  0.794134  0.700058
  0.665064  0.69584
  0.181022  0.282436
  0.16448  0.290004
  0.227272  0.781073
  0.772934  0.781201
  0.218232  0.226779
  0.781344  0.226895
  0.114506  0.690366
  0.309634  0.114506
  0.0607854  0.514103
  0.937623  0.51344
  0.48656  0.937623
  0.485897  0.0607854
  0.556379  0.595142
  0.714301  0.369192
  0.746472  0.378215
  0.572963  0.949699
  0.0503009  0.427037
  0.949699  0.427037
  0.572963  0.0503009
  0.658102  0.82277
  0.822805  0.341968
  0.147143  0.75569
  0.24431  0.147143
  0.566596  0.278245
  0.798208  0.55457
  0.44556  0.798466
  0.269661  0.253303
  0.718273  0.818726
  0.710222  0.835494
  0.81924  0.282384
  0.836921  0.290567
  0.277006  0.60499
  0.647978  0.515586
  0.201049  0.493324
  0.505049  0.203333
  0.666589  0.659767
  0.344831  0.421512
  0.847037  0.660137
  0.290979  0.838158
  0.36558  0.775581
  0.408869  0.312941
  0.560959  0.729171
  0.585418  0.730329
  0.164818  0.624947
  0.3751  0.164771
  0.142779  0.84811
  0.857221  0.84811
  0.15189  0.142779
  0.849673  0.143906
  0.234966  0.535388
  0.722688  0.751872
  0.67019  0.607578
  0.582165  0.469638
  0.800677  0.503295
  0.258586  0.799104
  0.740508  0.797847
  0.200662  0.258203
  0.799351  0.258295
  0.369964  0.359698
  0.730756  0.250908
  0.185026  0.815386
  0.805286  0.805136
  0.194864  0.194714
  0.802648  0.194297
  0.17885  0.34255
  0.691782  0.0525447
  0.757023  0.887014
  0.112986  0.242977
  0.886412  0.244015
  0.0842018  0.690766
  0.309234  0.0842018
  0.708286  0.175778
  0.393343  0.27767
  0.14667  0.594311
  0.405689  0.14667
  0.513411  0.545387
  0.839684  0.586138
  0.4136  0.840695
  0.162999  0.90433
  0.837747  0.90411
  0.0958896  0.162253
  0.90411  0.162253
  0.624657  0.300997
  0.429408  0.665654
  0.665119  0.570499
  0.653295  0.552072
  0.72026  0.347107
  0.159358  0.718876
  0.281124  0.159358
  0.529982  0.365552
  0.652203  0.935661
  0.652087  0.0672134
  0.0643389  0.347797
  0.935661  0.347797
  0.302528  0.376026
  0.939543  0.596506
  0.403343  0.93964
  0.684649  0.360307
  0.257013  0.311585
  0.32061  0.773496
  0.468871  0.285012
  0.552446  0.842836
  0.157016  0.445619
  0.84462  0.448853
  0.551769  0.154487
  0.74385  0.320657
  0.885229  0.663552
  0.0175731  0.694158
  0.985462  0.693273
  0.307049  0.985956
  0.305842  0.0175731
  0.332512  0.88221
  0.651204  0.170346
  0.571345  0.807185
  0.807185  0.428655
  0.247138  0.452553
  0.547447  0.247138
  0.203496  0.636321
  0.533443  0.555026
  0.0955086  0.472093
  0.90449  0.472091
  0.527909  0.90449
  0.527907  0.0955086
  0.306222  0.412159
  0.193235  0.31132
  0.407881  0.536134
  0.401663  0.335059
  0.758227  0.351527
  0.615633  0.757274
  0.587054  0.305054
  0.47817  0.455392
  0.872247  0.399962
  0.589925  0.373485
  0.018967  0.523161
  0.981033  0.523161
  0.476839  0.981033
  0.476839  0.018967
  0.327388  0.277287
  0.733636  0.440746
  0.420473  0.414474
  0.53613  0.466401
  0.0187702  0.76553
  0.981275  0.765579
  0.234362  0.981315
  0.23447  0.0187702
  0.683126  0.742159
  0.244205  0.363168
  0.654637  0.135759
  0.616927  0.694937
  0.428524  0.875574
  0.250347  0.832859
  0.749653  0.832859
  0.167141  0.250347
  0.832859  0.250347
  0.515861  0.769615
  0.76785  0.481428
  0.268984  0.555459
  0.530161  0.98336
  0.530161  0.0166402
  0.0166402  0.469839
  0.98336  0.469839
  0.647997  0.757641
  0.319833  0.23682
  0.58378  0.836425
  0.836425  0.41622
  0.598889  0.565332
  0.194534  0.719434
  0.279729  0.195419
  0.250296  0.873539
  0.60374  0.958575
  0.60374  0.0414247
  0.0414247  0.39626
  0.958575  0.39626
  0.465705  0.234959
  0.848033  0.678905
  0.728527  0.406085
  0.051986  0.958888
  0.0521952  0.0395514
  0.948014  0.958888
  0.947805  0.0395514
  0.16646  0.680199
  0.320692  0.164362
  0.812032  0.666032
  0.469431  0.615825
  0.0612933  0.646413
  0.353587  0.0612933
  0.749431  0.873306
  0.126696  0.250576
  0.874498  0.252841
  0.584552  0.675199
  0.829538  0.526407
  0.473593  0.829538
  0.569604  0.317475
  0.639973  0.414102
  0.637202  0.72009
  0.111374  0.720247
  0.279753  0.111374
  0.186414  0.751433
  0.248567  0.186414
  0.700348  0.68903
  0.654592  0.388759
  0.364579  0.69061
  0.68899  0.638066
  0.762558  0.959046
  0.763397  0.0415222
  0.0409537  0.237442
  0.958478  0.236603
  0.344671  0.495155
  0.294836  0.75486
  0.847796  0.37907
  0.439649  0.337993
  0.273321  0.30073
  0.286825  0.562564
  0.629518  0.201439
  0.425338  0.761698
  0.761801  0.574875
  0.0912723  0.8339
  0.105331  0.848854
  0.908728  0.8339
  0.894669  0.848854
  0.1661  0.0912723
  0.151146  0.105331
  0.833917  0.0912631
  0.848856  0.105329
  0.400811  0.237578
  0.620669  0.154928
  0.521732  0.321052
  0.341372  0.848418
  0.680206  0.826624
  0.825218  0.318414
  0.0448862  0.54254
  0.957387  0.544057
  0.455943  0.957387
  0.45746  0.0448862
  0.204392  0.522454
  0.581682  0.763633
  0.869452  0.706971
  0.731191  0.907874
  0.0921262  0.268809
  0.908453  0.268662
  0.814865  0.748205
  0.248728  0.276217
  0.554316  0.780522
  0.779701  0.445304
  0.905881  0.537802
  0.462097  0.905855
  0.49253  0.826778
  0.294  0.871078
  0.434659  0.536359
  0.318215  0.947206
  0.954454  0.701082
  0.582195  0.43484
  0.174651  0.320072
  0.250708  0.734231
  0.434605  0.246657
  0.323278  0.558923
  0.480992  0.56124
  0.296726  0.80218
  0.777621  0.386714
  0.601822  0.259645
  0.278858  0.354833
  0.466901  0.634037
  0.0926028  0.744808
  0.255192  0.0926028
  0.633893  0.557992
  0.534473  0.752645
  0.754873  0.466364
  0.580032  0.526992
  0.755803  0.926864
  0.0731357  0.244197
  0.928887  0.243292
  0.757067  0.071169
  0.610243  0.537367
  0.173242  0.77978
  0.826104  0.778745
  0.220098  0.173255
  0.785029  0.190408
  0.111971  0.984635
  0.108216  0.0165169
  0.888029  0.984635
  0.891784  0.0165169
  0.0165169  0.891784
  0.983483  0.891784
  0.0154574  0.111977
  0.984543  0.111977
  0.870245  0.602451
  0.395849  0.872435
  0.229725  0.7115
  0.291009  0.231034
  0.615852  0.777699
  0.259386  0.39833
  0.759837  0.170634
  0.212234  0.918881
  0.798893  0.915179
  0.0848211  0.201107
  0.915179  0.201107
  0.532209  0.629465
  0.359476  0.741691
  0.0723204  0.544408
  0.455592  0.0723204
  0.475933  0.7718
  0.771914  0.523327
  0.4526  0.602037
  0.590124  0.945375
  0.590124  0.0546253
  0.0546253  0.409876
  0.945375  0.409876
  0.503417  0.426945
  0.874093  0.749137
  0.286321  0.419078
  0.0684629  0.854506
  0.931537  0.854506
  0.145494  0.0684629
  0.854506  0.0684629
  0.507445  0.67774
  0.854678  0.225594
  0.299307  0.532335
  0.725219  0.550768
  0.04466  0.824691
  0.95534  0.824691
  0.175309  0.04466
  0.824691  0.04466
  0.682271  0.155868
  0.0397614  0.277005
  0.962343  0.278235
  0.722995  0.960239
  0.721257  0.0372626
  0.085808  0.79899
  0.915702  0.794736
  0.20101  0.085808
  0.798644  0.0856897
  0.174675  0.843931
  0.827164  0.845927
  0.154073  0.172836
  0.0390408  0.858974
  0.960959  0.858974
  0.141026  0.0390408
  0.858974  0.0390408
  0.360718  0.655828
  0.306781  0.304672
  0.592696  0.888746
  0.111272  0.407379
  0.947192  0.681433
  0.488258  0.256585
  0.710863  0.784454
  0.788021  0.290411
  0.296972  0.956947
  0.0640695  0.599639
  0.400361  0.0640695
  0.147244  0.517432
  0.482568  0.147244
  0.355544  0.605971
  0.347116  0.339311
  0.829285  0.508921
  0.589566  0.641818
  0.455266  0.492789
  0.830424  0.651013
  0.694496  0.480845
  0.188571  0.938207
  0.811195  0.930553
  0.0694469  0.188805
  0.930553  0.188805
  0.696321  0.723197
  0.492795  0.277906
  0.191769  0.784826
  0.808801  0.78476
  0.215084  0.191007
  0.778724  0.17317
  0.756242  0.11195
  0.938089  0.649148
  0.731168  0.3839
  0.156463  0.881261
  0.843644  0.88123
  0.11877  0.156356
  0.881357  0.156362
  0.489975  0.689227
  0.785368  0.628943
  0.177641  0.871901
  0.822394  0.871887
  0.128113  0.177606
  0.870217  0.17903
  0.268339  0.537932
  0.0776596  0.955728
  0.0468725  0.0724423
  0.92234  0.955728
  0.953128  0.0724423
  0.604149  0.726045
  0.255165  0.566593
  0.7084  0.867716
  0.132244  0.291635
  0.867749  0.291578
  0.322087  0.851783
  0.332306  0.709013
  0.43506  0.627636
  0.26432  0.368174
  0.627889  0.369506
  0.854353  0.569539
  0.429911  0.85406
  0.324546  0.74327
  0.616918  0.67725
  0.222226  0.621566
  0.501758  0.392651
  0.253401  0.238166
  0.812052  0.686205
  0.418342  0.725763
  0.370939  0.889903
  0.387132  0.901958
  0.885299  0.632597
  0.158176  0.792523
  0.841472  0.792819
  0.20739  0.158185
  0.275397  0.752297
  0.0793338  0.899032
  0.10095  0.0793306
  0.920666  0.899032
  0.89905  0.0793306
  0.906923  0.733587
  0.801403  0.535587
  0.464337  0.802133
  0.13402  0.629338
  0.370662  0.13402
  0.267457  0.90675
  0.33993  0.665986
  0.0662966  0.721826
  0.278174  0.0662966
  0.364933  0.199003
  0.537296  0.792425
  0.793266  0.462033
  0.0961683  0.527679
  0.472321  0.0961683
  0.74691  0.237932
  0.514395  0.650388
  0.215231  0.41573
  0.585948  0.213611
  0.676876  0.508724
  0.210664  0.839529
  0.789565  0.839467
  0.160533  0.210435
  0.468391  0.507352
  0.0401036  0.763634
  0.960285  0.763866
  0.236695  0.959958
  0.236366  0.0401036
  0.659761  0.722849
  0.21843  0.288332
  0.319287  0.379618
  0.903268  0.713095
  0.78916  0.157036
  0.673013  0.418413
  0.0723258  0.659884
  0.340116  0.0723258
  0.140816  0.960788
  0.858595  0.960499
  0.0395006  0.141405
  0.960499  0.141405
  0.575835  0.106379
  0.893871  0.424042
  0.765262  0.418926
  0.374119  0.315483
  0.726187  0.285913
  0.122837  0.929781
  0.877163  0.929781
  0.070289  0.121914
  0.929711  0.121914
  0.935384  0.723917
  0.685773  0.657111
  0.633993  0.701578
  0.470998  0.353184
  0.547275  0.541983
  0.738423  0.638222
  0.58132  0.286502
  0.287064  0.902911
  0.655119  0.804014
  0.804375  0.342332
  0.841964  0.160838
  0.400738  0.384663
  0.550194  0.633003
  0.0532035  0.682161
  0.317839  0.0532035
  0.275033  0.936412
  0.438077  0.816846
  0.82887  0.546846
  0.649371  0.0864843
  0.626613  0.80955
  0.809799  0.373324
  0.629153  0.333846
  0.468332  0.197281
  0.212881  0.598993
  0.164428  0.982882
  0.164428  0.0171177
  0.0171177  0.835572
  0.982882  0.835572
  0.835572  0.982882
  0.835572  0.0171177
  0.0171177  0.164428
  0.982882  0.164428
  0.83264  0.480248
  0.561063  0.35146
  0.575663  0.893564
  0.106436  0.424345
  0.127799  0.823272
  0.872201  0.823272
  0.176728  0.127799
  0.824249  0.126954
  0.814017  0.610041
  0.387308  0.812999
  0.700631  0.579367
  0.688369  0.254259
  0.269944  0.784196
  0.393054  0.298075
  0.320909  0.819692
  0.311513  0.836192
  0.338393  0.819473
  0.364304  0.27881
  0.0789247  0.782392
  0.217608  0.0789247
  0.038134  0.94816
  0.0391825  0.0525631
  0.961866  0.94816
  0.960818  0.0525631
  0.720371  0.644805
  0.334132  0.918271
  0.939899  0.632043
  0.351519  0.760421
  0.122474  0.616568
  0.383432  0.122474
  0.495759  0.372808
  0.557013  0.651351
  0.424615  0.28625
  0.280432  0.720878
  0.592803  0.110621
  0.307235  0.740424
  0.335081  0.634239
  0.561861  0.964985
  0.561861  0.0350151
  0.0350151  0.438139
  0.964985  0.438139
  0.117831  0.900584
  0.882169  0.900584
  0.0994157  0.117831
  0.900584  0.117831
  0.54085  0.965191
  0.54085  0.0348087
  0.0348087  0.45915
  0.965191  0.45915
  0.489893  0.485753
  0.605999  0.183622
  0.176775  0.958801
  0.82454  0.958531
  0.0414689  0.17546
  0.958531  0.17546
  0.722954  0.938043
  0.0619565  0.277046
  0.436444  0.44317
  0.72943  0.1237
  0.289716  0.785452
  0.651324  0.441626
  0.364548  0.709461
  0.47608  0.579597
  0.332966  0.366148
  0.0186185  0.671505
  0.982125  0.671607
  0.328404  0.982216
  0.328495  0.0186185
  0.331988  0.759644
  0.832314  0.188394
  0.242594  0.765708
  0.618985  0.954107
  0.618839  0.0456173
  0.045893  0.381015
  0.954107  0.381015
  0.641961  0.296889
  0.6439  0.498024
  0.142104  0.495755
  0.504306  0.858124
  0.857856  0.49533
  0.504245  0.142104
  0.67191  0.625152
  0.759497  0.748937
  0.324918  0.483776
  0.170865  0.708682
  0.2918  0.171807
  0.713615  0.23606
  0.377639  0.442493
  0.563122  0.519621
  0.742915  0.220756
  0.706405  0.766038
  0.767439  0.29561
  0.220723  0.742957
  0.2574  0.22011
  0.591038  0.925386
  0.591038  0.0746139
  0.0746139  0.408962
  0.926335  0.407015
  0.387535  0.72997
  0.731747  0.612117
  0.12329  0.571746
  0.428254  0.12329
  0.205747  0.462093
  0.53792  0.205754
  0.163387  0.4203
  0.462738  0.525816
  0.115871  0.518383
  0.883732  0.518423
  0.481817  0.88393
  0.481617  0.115871
  0.236514  0.855178
  0.760301  0.854485
  0.145518  0.239711
  0.843235  0.622292
  0.282048  0.666644
  0.410914  0.508243
  0.796837  0.658347
  0.363219  0.495716
  0.340493  0.400753
  0.444363  0.65682
  0.34004  0.793858
  0.196754  0.548086
  0.451914  0.196754
  0.171596  0.364025
  0.470463  0.253154
  0.501249  0.34318
  0.237118  0.801053
  0.76194  0.800569
  0.199113  0.237715
  0.80085  0.237825
  0.561213  0.37806
  0.391121  0.985537
  0.391121  0.0144633
  0.985537  0.608879
  0.0144633  0.608879
  0.268409  0.591113
  0.129537  0.727707
  0.272293  0.129537
  0.215667  0.270056
  0.632432  0.169949
  0.681898  0.085427
  0.647192  0.921552
  0.0784488  0.352806
  0.921555  0.352813
  0.934023  0.279605
  0.264938  0.816394
  0.297655  0.35841
  0.864379  0.21241
  0.573964  0.913832
  0.0861678  0.426036
  0.573964  0.0861678
  0.913997  0.425387
  0.341463  0.320493
  0.706748  0.631574
  0.42388  0.345548
  0.237746  0.747272
  0.583326  0.857421
  0.141064  0.415937
  0.584772  0.140629
  0.858586  0.41632
  0.45226  0.433796
  0.928262  0.563517
  0.426484  0.914557
  0.1878  0.377403
  0.708578  0.332405
  0.726811  0.581509
  0.61454  0.235942
  0.309274  0.253384
  0.633205  0.666794
  0.201294  0.802295
  0.814963  0.818952
  0.181048  0.185037
  0.444028  0.264337
  0.671738  0.283378
  0.509992  0.984923
  0.509992  0.0150773
  0.0150773  0.490008
  0.984923  0.490008
  0.669834  0.464012
  0.542074  0.722139
  0.468184  0.38555
  0.714898  0.11162
  0.234729  0.242028
  0.214809  0.387643
  0.50486  0.737733
  0.527648  0.384353
  0.114174  0.501285
  0.885801  0.50133
  0.49871  0.885834
  0.498715  0.114174
  0.815523  0.178647
  0.110003  0.914076
  0.889997  0.914076
  0.0859207  0.109945
  0.914079  0.109945
  0.668654  0.537351
  0.681621  0.79589
  0.733066  0.672235
  0.984778  0.570553
  0.0148763  0.571176
  0.428824  0.0148763
  0.429447  0.984778
  0.274522  0.504077
  0.318173  0.888814
  0.697863  0.391793
  0.730879  0.784342
  0.785266  0.268592
  0.739153  0.495236
  0.322584  0.396458
  0.737042  0.0914168
  0.600327  0.333701
  0.143319  0.553079
  0.446945  0.143328
  0.636045  0.829214
  0.829575  0.364674
  0.168691  0.811995
  0.831684  0.811951
  0.188058  0.168301
  0.496543  0.23675
  0.232099  0.651277
  0.364805  0.341258
  0.0668695  0.751936
  0.248064  0.0668695
  0.532374  0.41724
  0.887002  0.680332
  0.825187  0.219331
  0.870614  0.573355
  0.757644  0.767313
  0.766106  0.242382
  0.478982  0.370244
  0.167282  0.481195
  0.518805  0.167282
  0.758838  0.39084
  0.501563  0.624838
  0.623835  0.499319
  0.598885  0.469916
  0.632096  0.751149
  0.769044  0.643126
  0.392991  0.485871
  0.698063  0.96266
  0.0373401  0.301937
  0.96266  0.301937
  0.91658  0.592192
  0.749392  0.124803
  0.305144  0.692358
  0.258694  0.509394
  0.642137  0.278245
  0.755699  0.199938
  0.349569  0.832464
  0.430451  0.375469
  0.168628  0.927332
  0.832007  0.925893
  0.0741069  0.167993
  0.925893  0.167993
  0.626325  0.648648
  0.718783  0.50796
  0.288957  0.308832
  0.480338  0.648522
  0.0462804  0.880454
  0.119546  0.0462804
  0.95372  0.880454
  0.880454  0.0462804
  0.266569  0.957286
  0.0696601  0.928596
  0.0707987  0.069961
  0.93034  0.928596
  0.929201  0.069961
  0.0705412  0.985644
  0.07  0.0132378
  0.0132378  0.93
  0.929459  0.985644
  0.0150068  0.0708498
  0.986762  0.93
  0.93  0.0132378
  0.984993  0.0708498
  0.0357367  0.731779
  0.964263  0.731779
  0.268221  0.0357367
  0.619651  0.875596
  0.124401  0.38036
  0.380947  0.247151
  0.715403  0.661531
  0.698476  0.457038
  0.682361  0.598085
  0.679184  0.930998
  0.0690016  0.320816
  0.931428  0.32132
  0.647946  0.69266
  0.725521  0.457857
  0.352903  0.941932
  0.782516  0.583788
  0.416212  0.782516
  0.733261  0.735839
  0.928917  0.543588
  0.45631  0.929066
  0.158155  0.838367
  0.842001  0.838545
  0.161455  0.157999
  0.493787  0.534747
  0.663818  0.52026
  0.760543  0.139839
  0.440005  0.519842
  0.30154  0.771208
  0.386762  0.611744
  0.183311  0.264445
  0.207921  0.431343
  0.568951  0.207203
  0.622672  0.18683
  0.633633  0.138078
  0.488838  0.721212
  0.233777  0.502109
  0.787309  0.752192
  0.0902132  0.453913
  0.909785  0.45391
  0.54609  0.909785
  0.546087  0.0902132
  0.858509  0.76321
  0.688008  0.911092
  0.0889082  0.311992
  0.912422  0.312012
  0.655806  0.356965
  0.546849  0.936245
  0.063755  0.453151
  0.936245  0.453151
  0.546849  0.063755
  0.313834  0.803992
  0.133392  0.665796
  0.146248  0.655618
  0.334204  0.133392
  0.344382  0.146248
  0.276682  0.335894
  0.514857  0.497325
  0.425309  0.307116
  0.146471  0.465347
  0.847001  0.480243
  0.519807  0.842775
  0.534653  0.146471
  0.0137488  0.74795
  0.986702  0.748518
  0.25256  0.985544
  0.25205  0.0137488
  0.122764  0.471562
  0.87714  0.471388
  0.528612  0.87714
  0.528438  0.122764
  0.348964  0.373819
  0.142789  0.909486
  0.8573  0.909459
  0.0905406  0.1427
  0.909459  0.1427
  0.480771  0.225211
  0.851299  0.603389
  0.399775  0.854002
  0.603324  0.83283
  0.833279  0.397242
  0.189731  0.401449
  0.367577  0.231378
  0.374865  0.573362
  0.604532  0.612805
  0.163736  0.306175
  0.0461075  0.488217
  0.953893  0.488217
  0.511783  0.953893
  0.511783  0.0461075
  0.0718141  0.479435
  0.928186  0.479435
  0.520565  0.928186
  0.520565  0.0718141
  0.128146  0.987265
  0.127637  0.0133208
  0.0133208  0.872363
  0.986679  0.872363
  0.871854  0.987265
  0.872363  0.0133208
  0.0127537  0.128148
  0.987246  0.128148
  0.735044  0.816173
  0.816752  0.264411
  0.226127  0.321387
  0.410395  0.268821
  0.750104  0.0548424
  0.94594  0.249879
  0.620137  0.927218
  0.0727819  0.379863
  0.620157  0.0720001
  0.927218  0.379863
  0.60541  0.649814
  0.190796  0.601766
  0.39738  0.1898
  0.445982  0.552734
  0.542253  0.489186
  0.692031  0.284966
  0.648465  0.880526
  0.120871  0.351848
  0.883108  0.352166
  0.773158  0.98529
  0.773158  0.0147101
  0.0147101  0.226842
  0.98529  0.226842
  0.345118  0.536362
  0.655784  0.119083
  0.233385  0.44441
  0.55548  0.233597
  0.238781  0.90768
  0.371213  0.392431
  0.45906  0.746346
  0.746741  0.540777
  0.419536  0.698046
  0.548183  0.402912
  0.654801  0.210146
  0.495946  0.516116
  0.574867  0.546248
  0.908985  0.647907
  0.626132  0.470518
  0.622713  0.122563
  0.203051  0.755423
  0.24451  0.202886
  0.70006  0.036428
  0.34731  0.908516
  0.239696  0.570837
  0.669704  0.252262
  0.514596  0.705797
  0.103541  0.679842
  0.320158  0.103541
  0.708428  0.141884
  0.822036  0.576808
  0.234556  0.820261
  0.764483  0.821791
  0.178909  0.235523
  0.821791  0.235517
  0.0578888  0.905672
  0.0943273  0.0578886
  0.942111  0.905672
  0.905673  0.0578886
  0.889835  0.406963
  0.539058  0.695969
  0.0971592  0.383501
  0.903339  0.38296
  0.616499  0.902841
  0.662833  0.960895
  0.662866  0.0388422
  0.0391048  0.337167
  0.960895  0.337167
  0.85493  0.715029
  0.422915  0.823287
  0.860814  0.649151
  0.56465  0.863362
  0.135316  0.436182
  0.863921  0.435641
  0.564474  0.135947
  0.290412  0.260222
  0.207655  0.325146
  0.197338  0.294208
  0.693884  0.836482
  0.840467  0.313407
  0.823324  0.158357
  0.137462  0.573416
  0.426588  0.137464
  0.575965  0.382884
  0.801336  0.637209
  0.158748  0.37968
  0.375069  0.218679
  0.535039  0.853568
  0.853806  0.465121
  0.392399  0.355268
  0.162092  0.347488
  0.653457  0.42396
  0.148973  0.280746
  0.143724  0.711485
  0.288515  0.143724
  0.114105  0.864587
  0.885895  0.864587
  0.135413  0.114105
  0.864587  0.114105
  0.159133  0.736532
  0.263468  0.159133
  0.803197  0.487014
  0.0980666  0.645284
  0.354716  0.0980666
  0.585322  0.159407
  0.794057  0.325181
  0.306143  0.646213
  0.776447  0.70602
  0.715924  0.69543
  0.445369  0.367963
  0.190545  0.43426
  0.567377  0.189504
  0.335981  0.455975
  0.985303  0.37645
  0.0146969  0.37645
  0.62355  0.985303
  0.62355  0.0146969
  0.862588  0.36906
  0.924631  0.623685
  0.762961  0.677425
  0.719397  0.851002
  0.84993  0.278602
  0.253587  0.529807
  0.653418  0.837974
  0.839244  0.347305
  0.88952  0.770028
  0.716022  0.900262
  0.0997379  0.283978
  0.900723  0.284209
  0.36693  0.554158
  0.349666  0.441186
  0.153106  0.481214
  0.518786  0.153106
  0.67623  0.0675647
  0.150306  0.686187
  0.313813  0.150306
  0.687096  0.208194
  0.616681  0.0964805
  0.0979088  0.943782
  0.0562182  0.0979088
  0.902091  0.943782
  0.943782  0.0979088
  0.684376  0.541708
  0.381876  0.475521
  0.806617  0.291647
  0.242298  0.600918
  0.277468  0.849147
  0.689531  0.515679
  0.163068  0.587307
  0.412693  0.163068
  0.851244  0.553496
  0.443797  0.845013
  0.34647  0.874377
  0.772557  0.354666
  0.674458  0.98524
  0.674458  0.0147598
  0.0147598  0.325542
  0.98524  0.325542
  0.635587  0.608183
  0.850908  0.731576
  0.57584  0.653181
  0.986126  0.554038
  0.0140222  0.555859
  0.445962  0.986126
  0.444141  0.0140222
  0.588017  0.75011
  0.602171  0.211167
  0.59434  0.511434
  0.155947  0.822028
  0.844298  0.822593
  0.177409  0.1557
  0.376061  0.844582
  0.242051  0.395351
  0.492171  0.590575
  0.706267  0.935252
  0.0647482  0.293733
  0.387469  0.761964
  0.761378  0.611468
  0.60715  0.813166
  0.813339  0.392877
  0.522739  0.582394
  0.55387  0.461434
  0.373691  0.505196
  0.650278  0.987675
  0.650278  0.0123252
  0.0123252  0.349722
  0.987675  0.349722
  0.474851  0.663006
  0.721513  0.709296
  0.619303  0.315142
  0.566579  0.470998
  0.51697  0.393174
  0.0148657  0.255425
  0.98488  0.255881
  0.744575  0.985134
  0.744119  0.0151198
  0.270457  0.282823
  0.3197  0.57701
  0.139371  0.930056
  0.860629  0.930056
  0.0699435  0.139371
  0.930056  0.139371
  0.687401  0.810839
  0.189827  0.885377
  0.809879  0.885222
  0.114778  0.190121
  0.884971  0.190647
  0.0135742  0.652224
  0.986426  0.652224
  0.347776  0.986426
  0.347776  0.0135742
  0.64041  0.470559
  0.0423763  0.624859
  0.0450469  0.605402
  0.956759  0.607915
  0.957624  0.624859
  0.375141  0.957624
  0.391974  0.956898
  0.394598  0.0450469
  0.375141  0.0423763
  0.0153112  0.783198
  0.984689  0.783198
  0.216802  0.984689
  0.216802  0.0153112
  0.453321  0.417409
  0.185317  0.830504
  0.601178  0.669403
  0.65584  0.771129
  0.290534  0.476493
  0.516758  0.274
  0.616381  0.267437
  0.61222  0.518624
  0.985444  0.414475
  0.0145561  0.414475
  0.585525  0.0145561
  0.585525  0.985444
  0.519439  0.471354
  0.364242  0.416835
  0.031143  0.581053
  0.967277  0.578393
  0.421589  0.967376
  0.418947  0.031143
  0.307117  0.28601
  0.678252  0.436557
  0.584325  0.781286
  0.599936  0.784542
  0.785802  0.400261
  0.781975  0.41614
  0.606027  0.445389
  0.586995  0.358679
  0.751329  0.410686
  0.756263  0.283518
  0.747215  0.664623
  0.68185  0.223501
  0.0614103  0.438058
  0.93859  0.438058
  0.561942  0.93859
  0.561942  0.0614103
  0.683283  0.31422
  0.460266  0.667383
  0.276119  0.640751
  0.730407  0.567707
  0.536492  0.680114
  0.414549  0.710803
  0.872733  0.623037
  0.377221  0.872709
  0.56199  0.411193
  0.140754  0.815449
  0.859516  0.815525
  0.184475  0.140484
  0.815852  0.142422
  0.0992792  0.494965
  0.900721  0.494965
  0.505035  0.900721
  0.505035  0.0992792
  0.230183  0.416385
  0.582722  0.231222
  0.264444  0.924756
  0.196037  0.576315
  0.422096  0.20816
  0.138524  0.357611
  0.876458  0.651845
  0.45167  0.293588
  0.444408  0.706659
  0.172672  0.532222
  0.468716  0.169076
  0.62223  0.841998
  0.0803022  0.0374876
  0.0374876  0.919698
  0.0440247  0.93353
  0.962512  0.919698
  0.955975  0.93353
  0.919698  0.0374876
  0.349301  0.184203
  0.0315612  0.0805775
  0.968439  0.0805775
  0.324914  0.790181
  0.376668  0.743093
  0.563683  0.262289
  0.484782  0.503857
  0.238276  0.634193
  0.708847  0.554325
  0.0142705  0.625133
  0.985729  0.625133
  0.374867  0.985732
  0.374867  0.0142705
  0.186333  0.653802
  0.398389  0.779826
  0.77962  0.601486
  0.284483  0.528087
  0.492402  0.98754
  0.492402  0.0124604
  0.0124604  0.507598
  0.98754  0.507598
  0.789704  0.806998
  0.193002  0.210296
  0.806942  0.210192
  0.125791  0.546283
  0.453721  0.125792
  0.748143  0.712402
  0.181884  0.90006
  0.815186  0.901022
  0.0989779  0.184814
  0.90098  0.184902
  0.631761  0.963072
  0.631493  0.0376541
  0.0369278  0.368239
  0.963072  0.368239
  0.129404  0.60294
  0.39706  0.129404
  0.92524  0.735542
  0.641884  0.861814
  0.510954  0.441829
  0.0342703  0.98576
  0.0342703  0.0142399
  0.0142399  0.96573
  0.0142399  0.0342703
  0.96573  0.98576
  0.98576  0.96573
  0.96573  0.0142399
  0.98576  0.0342703
  0.347122  0.226888
  0.374909  0.78776
  0.552067  0.365154
  0.16932  0.642265
  0.358154  0.169243
  0.277139  0.683753
  0.141192  0.769327
  0.230673  0.141192
  0.77011  0.109364
  0.126043  0.489329
  0.51021  0.873748
  0.87373  0.489771
  0.510671  0.126043
  0.694254  0.236761
  0.344581  0.806129
  0.185591  0.736749
  0.263084  0.185768
  0.932503  0.292924
  0.0981706  0.816275
  0.902081  0.815566
  0.183725  0.0981706
  0.813668  0.113228
  0.330585  0.620051
  0.257066  0.628029
  0.501872  0.565259
  0.0497348  0.845195
  0.950265  0.845195
  0.154805  0.0497348
  0.845195  0.0497348
  0.0769382  0.841102
  0.923062  0.841102
  0.158898  0.0769382
  0.841105  0.0769369
  0.672396  0.141262
  0.113744  0.813247
  0.886679  0.813746
  0.186753  0.113744
  0.816106  0.0981303
  0.246539  0.932972
  0.933684  0.751251
  0.331447  0.586187
  0.457736  0.856793
  0.742975  0.623206
  0.279186  0.9669
  0.722519  0.0645952
  0.0384954  0.669447
  0.962369  0.670334
  0.32931  0.96216
  0.330553  0.0384954
  0.91541  0.570948
  0.435252  0.931024
  0.577516  0.401797
  0.457711  0.683572
  0.0942199  0.88569
  0.90578  0.88569
  0.11431  0.0942199
  0.88569  0.0942199
  0.353671  0.38848
  0.601751  0.165809
  0.40881  0.921649
  0.334879  0.731155
  0.207441  0.40169
  0.642805  0.400169
  0.38206  0.328536
  0.336903  0.933348
  0.370382  0.814221
  0.874253  0.735982
  0.43279  0.730054
  0.153325  0.611425
  0.388575  0.153325
  0.206683  0.508661
  0.539896  0.43125
  0.266645  0.876274
  0.95621  0.561602
  0.438381  0.95628
  0.096648  0.609367
  0.390633  0.096648
  0.735091  0.421909
  0.0358506  0.791916
  0.96416  0.791963
  0.207968  0.963848
  0.208084  0.0358506
  0.791474  0.964749
  0.791097  0.035706
  0.0352514  0.208526
  0.964749  0.208526
  0.668484  0.447038
  0.263108  0.267704
  0.475516  0.398738
  0.733266  0.874745
  0.125258  0.266744
  0.876146  0.267024
  0.791446  0.610848
  0.041355  0.555748
  0.444252  0.041355
  0.388555  0.791954
  0.407382  0.752338
  0.752338  0.592618
  0.405707  0.455016
  0.875712  0.543735
  0.456439  0.874344
  0.290486  0.276809
  0.0852307  0.710533
  0.289467  0.0852307
  0.510409  0.330945
  0.439004  0.280914
  0.0368825  0.700713
  0.299287  0.0368825
  0.816431  0.561634
  0.452831  0.828251
  0.19234  0.533623
  0.0662164  0.691893
  0.308107  0.0662164
  0.715094  0.314658
  0.527871  0.82434
  0.569505  0.79177
  0.791754  0.430505
  0.905123  0.61054
  0.614237  0.292789
  0.261204  0.436893
  0.564597  0.680993
  0.0107916  0.191352
  0.989208  0.191352
  0.808648  0.989208
  0.808784  0.0109095
  0.011336  0.809282
  0.988664  0.809282
  0.190718  0.988664
  0.190718  0.011336
  0.38517  0.431242
  0.702132  0.884691
  0.115293  0.29787
  0.884779  0.297899
  0.506704  0.579488
  0.67013  0.711143
  0.712576  0.589376
  0.0574421  0.802316
  0.0724291  0.807882
  0.943062  0.802576
  0.929341  0.808778
  0.197684  0.0574421
  0.192118  0.0724291
  0.807878  0.0724021
  0.802347  0.0574258
  0.609943  0.575578
  0.31227  0.506989
  0.491983  0.313252
  0.247543  0.718276
  0.803727  0.719424
  0.877205  0.378818
  0.68786  0.467453
  0.933763  0.778252
  0.110381  0.967357
  0.0310916  0.892608
  0.107396  0.0311
  0.968908  0.892608
  0.889619  0.967357
  0.892604  0.0311
  0.0332714  0.110166
  0.966729  0.110166
  0.29363  0.385864
  0.268568  0.383862
  0.641071  0.800443
  0.79997  0.358042
  0.641568  0.776619
  0.660403  0.647469
  0.757953  0.270065
  0.220524  0.933375
  0.529283  0.444466
  0.934387  0.665369
  0.421121  0.624736
  0.354675  0.524951
  0.148687  0.624942
  0.375062  0.148682
  0.578462  0.820086
  0.820086  0.421538
  0.345793  0.57416
  0.560645  0.696477
  0.261905  0.709883
  0.216765  0.704723
  0.298873  0.217962
  0.902596  0.55854
  0.44146  0.902596
  0.164876  0.39642
  0.716022  0.255294
  0.168934  0.76484
  0.23516  0.168934
  0.216177  0.651108
  0.316032  0.216651
  0.507062  0.661558
  0.599121  0.318913
  0.0664544  0.0443904
  0.933546  0.0443904
  0.261281  0.692165
  0.721913  0.165448
  0.268641  0.73832
  0.181924  0.419295
  0.130079  0.83735
  0.869921  0.83735
  0.16265  0.130079
  0.838247  0.130333
  0.0109052  0.29
  0.71  0.989095
  0.989095  0.29
  0.71  0.0109052
  0.378493  0.302645
  0.219555  0.82648
  0.780986  0.823115
  0.177002  0.219015
  0.603561  0.244128
  0.375601  0.542184
  0.0408507  0.653802
  0.959149  0.653802
  0.346198  0.959149
  0.346198  0.0408507
  0.555184  0.747724
  0.954127  0.749721
  0.67936  0.88509
  0.114749  0.320875
  0.885132  0.320664
  0.056022  0.630833
  0.369167  0.056022
  0.0803129  0.578758
  0.421242  0.0803129
  0.748211  0.362137
  0.469922  0.438421
  0.507544  0.465534
  0.66651  0.795067
  0.175075  0.505722
  0.494364  0.174206
  0.114947  0.774085
  0.225915  0.114947
  0.11787  0.703234
  0.296766  0.11787
  0.216698  0.687413
  0.522774  0.525508
  0.559066  0.48955
  0.203142  0.855306
  0.798766  0.855149
  0.144851  0.201234
  0.352376  0.860218
  0.490537  0.797115
  0.0995879  0.396726
  0.603289  0.900416
  0.901416  0.396026
  0.249491  0.952034
  0.822194  0.71664
  0.770302  0.627999
  0.644647  0.20066
  0.0657  0.87585
  0.9343  0.87585
  0.12415  0.0657
  0.87585  0.0657
  0.401674  0.647548
  0.56541  0.763391
  0.196305  0.921909
  0.804027  0.942935
  0.0570647  0.195973
  0.942935  0.195973
  0.125501  0.957489
  0.874469  0.957474
  0.0425012  0.125337
  0.957499  0.125337
  0.679367  0.566956
  0.544013  0.298009
  0.460933  0.266498
  0.913376  0.678031
  0.28897  0.856158
  0.382956  0.385052
  0.68324  0.844025
  0.251599  0.90271
  0.231107  0.679926
  0.219769  0.796493
  0.778169  0.797833
  0.202639  0.221688
  0.797984  0.221657
  0.612339  0.343609
  0.694221  0.529033
  0.314831  0.902544
  0.764396  0.433034
  0.706377  0.0670696
  0.183866  0.857526
  0.816932  0.857456
  0.142544  0.183068
  0.0635314  0.779326
  0.220674  0.0635314
  0.801214  0.75676
  0.779554  0.0632726
  0.779495  0.936714
  0.0632855  0.220505
  0.936729  0.220446
  0.137102  0.883691
  0.862914  0.883686
  0.116314  0.137086
  0.88371  0.137088
  0.0717348  0.827021
  0.928265  0.827021
  0.172979  0.0717348
  0.827021  0.0717348
  0.732834  0.152277
  0.365199  0.446746
  0.282481  0.243656
  0.845127  0.757579
  0.603444  0.0990908
  0.707096  0.488819
  0.479034  0.474556
  0.0808379  0.865649
  0.919162  0.865649
  0.134351  0.0808379
  0.865649  0.0808379
  0.138921  0.799933
  0.86026  0.79906
  0.199775  0.139831
  0.798331  0.140696
  0.177138  0.469448
  0.530552  0.177138
  0.850567  0.239444
  0.770336  0.890635
  0.109365  0.229664
  0.889713  0.229915
  0.857951  0.631327
  0.368533  0.859119
  0.640212  0.525724
  0.169756  0.573179
  0.426778  0.169661
  0.289439  0.692623
  0.419398  0.361509
  0.471397  0.694074
  0.368274  0.945453
  0.475746  0.74461
  0.742831  0.524369
  0.703022  0.0828328
  0.683212  0.382682
  0.465972  0.711114
  0.71161  0.533066
  0.0646738  0.568286
  0.431714  0.0646738
  0.23875  0.288163
  0.0766792  0.592243
  0.407757  0.0766792
  0.15415  0.318265
  0.666371  0.0929404
  0.3332  0.292028
  0.326363  0.30645
  0.0542387  0.589194
  0.410806  0.0542387
  0.399346  0.52319
  0.224024  0.487003
  0.51275  0.224551
  0.885592  0.568182
  0.186203  0.704681
  0.2959  0.18757
  0.208176  0.581138
  0.423647  0.19547
  0.469681  0.412
  0.887043  0.599557
  0.398582  0.892987
  0.588133  0.695511
  0.696915  0.30391
  0.597146  0.196955
  0.505135  0.760136
  0.758906  0.493995
  0.107253  0.618037
  0.381963  0.107253
  0.46623  0.81695
  0.816395  0.533857
  0.57284  0.331067
  0.899032  0.525037
  0.474991  0.899066
  0.754731  0.212888
  0.771972  0.341119
  0.511607  0.512033
  0.613853  0.426907
  0.72335  0.138278
  0.52527  0.644068
  0.855226  0.195052
  0.233236  0.589896
  0.885874  0.756464
  0.497917  0.708179
  0.21872  0.867786
  0.789567  0.86824
  0.13176  0.210433
  0.399152  0.971263
  0.401153  0.0291855
  0.0291855  0.598847
  0.971263  0.600848
  0.86851  0.352099
  0.461615  0.76469
  0.764763  0.538256
  0.751517  0.647687
  0.358103  0.266952
  0.480585  0.424716
  0.672923  0.494123
  0.131388  0.896751
  0.868629  0.896746
  0.103254  0.131371
  0.89675  0.131371
  0.373241  0.406173
  0.98841  0.38894
  0.0115904  0.38894
  0.61106  0.0115904
  0.61106  0.98841
  0.28339  0.512437
  0.404804  0.735777
  0.73785  0.595924
  0.403536  0.365905
  0.429835  0.576096
  0.462867  0.548058
  0.397198  0.204997
  0.390315  0.6652
  0.822483  0.469193
  0.420907  0.540706
  0.919782  0.970663
  0.0802182  0.970663
  0.185988  0.686161
  0.90152  0.684898
  0.0100404  0.71
  0.988585  0.710315
  0.289996  0.989517
  0.29  0.0100404
  0.60719  0.360863
  0.249026  0.499042
  0.576981  0.586376
  0.320132  0.913882
  0.306119  0.239772
  0.354448  0.635595
  0.321523  0.694331
  0.010072  0.989928
  0.010072  0.010072
  0.989942  0.989942
  0.989942  0.010058
