  297  400  74  368
  247  250  401  78
  316  90  393  240
  274  337  402  272
  273  271  397  95
  380  242  399  372
  23  364  404  22
  385  243  384  76
  386  94  387  244
  390  93  391  246
  388  79  389  245
  382  235  381  284
  385  76  386  244
  388  245  387  94
  390  246  389  79
  391  93  392  314
  383  294  409  80
  381  236  410  284
  392  97  403  314
  238  366  74  400
  313  403  370  305
  89  410  242  380
  166  162  272  270
  248  249  398  85
  270  84  397  271
  165  274  272  162
  319  154  365  275
  256  253  136  356
  276  87  323  258
  77  252  258  323
  110  108  353  322
  321  257  351  122
  254  91  295  342
  276  277  7  87
  91  254  355  302
  110  322  321  122
  342  295  73  267
  356  88  362  256
  108  106  130  353
  255  310  353  130
  257  231  281  351
  98  363  256  362
  116  114  351  281
  168  355  254  171
  116  281  261  119
  252  77  302  355
  261  344  354  119
  109  111  360  264
  293  169  157  339
  131  259  176  265
  234  299  134  278
  150  153  358  318
  266  148  105  307
  14  15  306  317
  346  334  221  255
  383  243  224  294
  153  155  169  358
  128  343  263  262
  267  73  317  291
  264  131  107  109
  107  131  265  307
  345  134  299  282
  157  159  359  339
  307  105  106  107
  149  318  288  280
  333  331  341  207
  8  9  77  323
  317  73  13  14
  309  218  212  308
  216  294  224  300
  280  288  340  124
  43  283  89  42
  319  156  155  154
  187  188  190  189
  230  226  225  227
  278  335  324  234
  177  266  307  265
  124  120  121  123
  287  123  125  126
  206  209  217  327
  275  165  160  319
  60  285  86  59
  214  212  218  215
  335  278  127  128
  221  219  310  255
  250  247  220  228
  136  253  229  334
  350  207  341  241
  257  321  308  320
  16  17  99  83
  292  117  113  115
  340  292  115  118
  338  293  117  292
  343  125  123  121
  287  279  149  280
  190  193  194  192
  206  208  222  209
  7  8  323  87
  83  306  15  16
  305  58  59  86
  290  306  83  101
  354  121  120  119
  278  134  129  127
  319  160  158  156
  271  269  166  270
  268  258  252  167
  366  238  174  239
  291  266  177  267
  315  301  201  213
  334  229  228  221
  368  298  296  297
  118  120  124  340
  150  144  311  151
  170  164  167  168
  293  338  358  169
  299  184  182  282
  234  186  184  299
  121  354  263  343
  283  43  44  80
  285  60  61  376
  318  149  144  150
  152  151  297  296
  169  155  156  157
  268  167  164  163
  11  12  295  91
  316  35  36  90
  90  36  37  336
  399  336  37  96
  100  102  103  101
  148  103  104  105
  282  289  138  345
  311  144  140  143
  352  158  160  161
  265  176  173  177
  335  232  193  324
  212  210  320  308
  125  127  129  126
  168  171  172  170
  171  173  176  172
  172  176  259  178
  183  184  186  185
  202  197  196  198
  225  202  198  325
  333  203  204  205
  210  209  222  320
  208  301  315  223
  227  225  325  350
  128  262  232  335
  276  269  271  273
  205  328  331  333
  66  67  337  81
  132  135  140  279
  135  137  349  139
  289  142  141  138
  147  180  312  146
  152  154  155  153
  163  166  269  268
  171  254  342  173
  185  186  188  187
  280  124  123  287
  126  132  279  287
  312  175  145  146
  266  291  290  148
  156  158  159  157
  355  168  167  252
  141  179  357  349
  186  234  324  188
  258  268  269  276
  288  338  292  340
  106  108  109  107
  360  111  112  113
  133  132  126  129
  137  133  345  138
  138  141  349  137
  135  139  143  140
  139  174  238  143
  153  150  151  152
  192  191  189  190
  197  300  192  194
  210  211  217  209
  220  215  218  219
  208  223  231  222
  223  261  281  231
  308  321  322  309
  302  77  9  10
  10  11  91  302
  303  30  31  75
  120  118  116  119
  113  117  361  360
  343  128  127  125
  144  149  279  140
  286  179  141  145
  289  147  146  142
  182  181  180  147
  166  163  161  162
  232  195  194  193
  233  326  196  195
  198  196  326  199
  326  213  201  199
  301  208  206  204
  329  328  205  327
  219  221  228  220
  131  264  260  259
  348  263  354  344
  158  352  347  159
  165  162  161  160
  163  164  352  161
  184  183  181  182
  147  289  282  182
  199  200  325  198
  344  315  213  348
  328  330  332  331
  73  295  12  13
  267  177  173  342
  250  228  229  248
  229  253  249  248
  99  100  101  83
  103  102  346  104
  101  103  148  290
  122  112  111  110
  114  112  122  351
  118  115  114  116
  132  133  137  135
  88  99  17  18
  130  106  105  104
  108  110  111  109
  112  114  115  113
  347  352  164  170
  159  347  178  359
  18  19  362  88
  100  99  88  356
  255  130  104  346
  306  290  291  317
  146  145  141  142
  262  233  195  232
  300  197  202  216
  219  218  309  310
  344  261  223  315
  203  200  199  201
  301  204  203  201
  327  205  204  206
  350  241  240  227
  213  326  233  348
  92  29  30  303
  82  34  35  316
  178  347  170  172
  350  325  200  207
  357  174  139  349
  191  192  300  224
  197  194  195  196
  210  212  214  211
  231  257  320  222
  133  129  134  345
  193  190  188  324
  200  203  333  207
  262  263  348  233
  216  202  225  226
  334  346  102  136
  259  260  359  178
  310  309  322  353
  117  293  339  361
  338  288  318  358
  102  100  356  136
  339  359  260  361
  98  362  19  20
  249  253  256  363
  264  360  361  260
  412  374  304  375
  152  296  365  154
  62  63  74  366
  32  367  75  31
  247  78  373  251
  276  273  371  277
  63  64  368  74
  29  92  373  28
  92  303  369  304
  237  393  90  336
  64  65  379  368
  270  272  402  84
  179  286  285  376
  7  277  371  6
  58  305  370  57
  248  85  401  250
  330  408  75  367
  42  89  380  41
  230  236  381  226
  181  246  391  180
  224  243  385  191
  216  226  381  235
  46  47  386  76
  48  49  388  94
  185  245  389  183
  52  53  392  93
  50  51  390  79
  189  244  387  187
  227  240  393  230
  34  82  395  33
  330  367  395  332
  313  305  86  396
  69  70  397  84
  25  85  398  24
  151  311  400  297
  27  78  401  26
  67  68  402  337
  413  378  275  365
  327  217  411  329
  55  4  56  406
  72  1  5  405
  21  2  22  404
  363  98  404  364
  78  27  28  373
  247  251  215  220
  414  357  179  376
  415  377  241  341
  216  235  409  294
  38  3  39  407
  316  240  241  377
  373  92  304  374
  145  175  396  286
  412  375  211  214
  274  378  81  337
  415  82  316  377
  165  275  378  274
  81  379  65  66
  312  313  396  175
  372  40  41  380
  284  283  80  382
  80  44  45  383
  244  189  191  385
  243  383  45  384
  76  384  45  46
  94  386  47  48
  79  388  49  50
  245  185  187  387
  93  390  51  52
  246  181  183  389
  314  312  180  391
  97  392  53  54
  328  329  408  330
  236  230  393  237
  366  394  61  62
  367  32  33  395
  285  286  396  86
  95  397  70  71
  363  364  398  249
  364  23  24  398
  336  399  242  237
  143  238  400  311
  85  25  26  401
  84  402  68  69
  411  369  408  329
  237  242  410  236
  312  314  403  313
  57  370  406  56
  6  371  405  5
  211  375  411  217
  61  394  414  376
  37  38  407  96
  54  55  406  97
  71  72  405  95
  20  21  404  98
  378  413  379  81
  303  75  408  369
  283  284  410  89
  215  251  412  214
  296  298  413  365
  331  332  415  341
  174  357  414  239
  403  97  406  370
  273  95  405  371
  399  96  407  372
  40  372  407  39
  373  374  412  251
  369  411  375  304
  235  382  80  409
  366  239  414  394
  82  415  332  395
  368  379  413  298
