  0  0
  0  1
  1  1
  1  0
  0  0.0555556
  0  0.111111
  0  0.166667
  0  0.222222
  0  0.277778
  0  0.333333
  0  0.388889
  0  0.444444
  0  0.5
  0  0.555556
  0  0.611111
  0  0.666667
  0  0.722222
  0  0.777778
  0  0.833333
  0  0.888889
  0  0.944444
  0.0555556  1
  0.111111  1
  0.166667  1
  0.222222  1
  0.277778  1
  0.333333  1
  0.388889  1
  0.444444  1
  0.5  1
  0.555556  1
  0.611111  1
  0.666667  1
  0.722222  1
  0.777778  1
  0.833333  1
  0.888889  1
  0.944444  1
  1  0.944444
  1  0.888889
  1  0.833333
  1  0.777778
  1  0.722222
  1  0.666667
  1  0.611111
  1  0.555556
  1  0.5
  1  0.444444
  1  0.388889
  1  0.333333
  1  0.277778
  1  0.222222
  1  0.166667
  1  0.111111
  1  0.0555556
  0.944444  0
  0.888889  0
  0.833333  0
  0.777778  0
  0.722222  0
  0.666667  0
  0.611111  0
  0.555556  0
  0.5  0
  0.444444  0
  0.388889  0
  0.333333  0
  0.277778  0
  0.222222  0
  0.166667  0
  0.111111  0
  0.0555556  0
  0.0481138  0.501239
  0.541935  0.058594
  0.545191  0.953358
  0.957037  0.545338
  0.0473896  0.27892
  0.317662  0.942966
  0.954326  0.330113
  0.939134  0.690417
  0.367132  0.0444678
  0.699451  0.951837
  0.0481648  0.667064
  0.210365  0.0506256
  0.210464  0.947504
  0.795916  0.051181
  0.0437379  0.188619
  0.0485192  0.778943
  0.954484  0.794022
  0.820154  0.937334
  0.0480864  0.389832
  0.439646  0.950175
  0.953115  0.21856
  0.954844  0.440753
  0.103846  0.0514062
  0.918735  0.95091
  0.95059  0.107557
  0.0502093  0.891211
  0.0482747  0.722481
  0.0964249  0.722307
  0.0962826  0.666811
  0.144494  0.722567
  0.144374  0.666937
  0.192444  0.667126
  0.192441  0.611505
  0.240549  0.610017
  0.240563  0.553932
  0.288698  0.605683
  0.288712  0.54949
  0.336927  0.599105
  0.336956  0.542734
  0.385314  0.53409
  0.38525  0.477428
  0.433601  0.524287
  0.433476  0.467271
  0.481504  0.515956
  0.385092  0.421461
  0.48141  0.458611
  0.529121  0.511659
  0.529169  0.453993
  0.576987  0.454008
  0.385211  0.590835
  0.577207  0.396924
  0.529249  0.397443
  0.625251  0.401194
  0.625475  0.344656
  0.673324  0.406889
  0.673178  0.462566
  0.673565  0.350937
  0.240547  0.665444
  0.240575  0.497988
  0.625864  0.287897
  0.67428  0.294736
  0.721397  0.355581
  0.626547  0.230967
  0.145103  0.779768
  0.676131  0.237707
  0.724784  0.245198
  0.627399  0.174204
  0.57807  0.226598
  0.735723  0.182825
  0.770611  0.211748
  0.579576  0.17076
  0.529612  0.227349
  0.782386  0.153394
  0.800388  0.195264
  0.811275  0.241997
  0.144346  0.611692
  0.529333  0.284067
  0.481069  0.233594
  0.481416  0.177318
  0.433133  0.186273
  0.433048  0.243134
  0.385903  0.19573
  0.385301  0.253322
  0.337461  0.262907
  0.337043  0.319714
  0.289384  0.270102
  0.288982  0.326826
  0.290537  0.211381
  0.242257  0.215426
  0.245287  0.15731
  0.193328  0.217025
  0.192736  0.275341
  0.2941  0.153213
  0.195542  0.159215
  0.143941  0.276223
  0.144268  0.333243
  0.385052  0.309793
  0.19255  0.332981
  0.144336  0.389431
  0.192492  0.389243
  0.144344  0.445088
  0.629036  0.12104
  0.812568  0.137034
  0.192467  0.444567
  0.144341  0.500713
  0.240653  0.387261
  0.717958  0.11874
  0.856651  0.228031
  0.860564  0.284574
  0.814315  0.29519
  0.861941  0.340092
  0.815357  0.349982
  0.862462  0.395471
  0.815769  0.405215
  0.8629  0.450619
  0.816101  0.460431
  0.864062  0.504963
  0.816949  0.515388
  0.867654  0.557826
  0.819519  0.570046
  0.76941  0.521171
  0.770669  0.576779
  0.721875  0.577548
  0.722453  0.634878
  0.773062  0.634717
  0.722754  0.693789
  0.673785  0.689136
  0.673547  0.74806
  0.625348  0.685734
  0.774317  0.696318
  0.625444  0.744272
  0.577127  0.742862
  0.577947  0.80037
  0.528823  0.744397
  0.672974  0.806227
  0.528882  0.686235
  0.480689  0.748517
  0.432752  0.754007
  0.433954  0.808802
  0.385207  0.760512
  0.625189  0.628314
  0.387694  0.815128
  0.341173  0.823312
  0.837119  0.692896
  0.481637  0.804034
  0.337921  0.767787
  0.2898  0.774434
  0.29361  0.830618
  0.241615  0.778337
  0.480923  0.690781
  0.529037  0.62822
  0.875751  0.609727
  0.772276  0.758634
  0.822688  0.761706
  0.768834  0.818012
  0.24494  0.835047
  0.195914  0.836879
  0.817592  0.820368
  0.481178  0.632996
  0.721447  0.521247
  0.673378  0.57459
  0.768689  0.410497
  0.881951  0.715574
  0.864606  0.816914
  0.864569  0.87238
  0.584801  0.116807
  0.632023  0.0871458
  0.76526  0.873771
  0.718066  0.865217
  0.909782  0.861185
  0.923169  0.59303
  0.910507  0.496656
  0.908688  0.388037
  0.907123  0.276806
  0.303502  0.886227
  0.201668  0.892952
  0.151177  0.893143
  0.253065  0.890518
  0.352008  0.87654
  0.0952715  0.27796
  0.147335  0.836835
  0.0961917  0.389737
  0.240802  0.721366
  0.0982574  0.836415
  0.433193  0.639886
  0.0926346  0.222826
  0.240597  0.442321
  0.288737  0.437685
  0.529096  0.570438
  0.673188  0.518229
  0.624923  0.514376
  0.288731  0.493089
  0.192457  0.499756
  0.14434  0.556364
  0.0962277  0.501289
  0.142701  0.218808
  0.143179  0.16094
  0.201215  0.103711
  0.14864  0.104722
  0.252498  0.102117
  0.0964495  0.103919
  0.302408  0.0986369
  0.342056  0.146803
  0.0816978  0.16345
  0.0442234  0.141118
  0.721178  0.410337
  0.577644  0.284184
  0.529284  0.341223
  0.481342  0.57522
  0.768531  0.300658
  0.952301  0.740639
  0.90986  0.755396
  0.745562  0.0553872
  0.76427  0.107357
  0.577398  0.341424
  0.481185  0.346703
  0.768719  0.248369
  0.0962446  0.612095
  0.0962311  0.556799
  0.433246  0.411497
  0.385013  0.365687
  0.888832  0.657623
  0.0481078  0.445335
  0.433165  0.132316
  0.481461  0.122757
  0.431678  0.0943545
  0.76851  0.354505
  0.825607  0.625743
  0.577065  0.68516
  0.047909  0.333988
  0.492758  0.952807
  0.439043  0.904481
  0.845627  0.0507376
  0.0481294  0.611885
  0.19245  0.555431
  0.38504  0.704287
  0.337085  0.711474
  0.289041  0.717406
  0.530998  0.17258
  0.84511  0.163834
  0.852477  0.102583
  0.90214  0.162278
  0.577006  0.627396
  0.754016  0.935336
  0.0481179  0.55647
  0.481137  0.290756
  0.338861  0.204199
  0.432979  0.697238
  0.385094  0.647633
  0.336942  0.655045
  0.0454631  0.225989
  0.768874  0.464916
  0.722171  0.75321
  0.673672  0.631685
  0.529865  0.801082
  0.580473  0.855192
  0.53241  0.854783
  0.586698  0.90621
  0.627984  0.857102
  0.635292  0.907381
  0.625995  0.801994
  0.19375  0.7794
  0.721183  0.4651
  0.870066  0.928632
  0.316214  0.0480733
  0.433106  0.355731
  0.336927  0.374863
  0.481286  0.403296
  0.673976  0.859254
  0.0962207  0.445404
  0.625058  0.457893
  0.576925  0.569758
  0.722071  0.299178
  0.192791  0.722659
  0.240818  0.330761
  0.625071  0.571629
  0.676758  0.179439
  0.720622  0.810931
  0.433361  0.58248
  0.241269  0.273166
  0.288785  0.661059
  0.576956  0.512331
  0.0959598  0.333722
  0.0970657  0.779391
  0.672228  0.124837
  0.433064  0.299753
  0.288815  0.381869
  0.336949  0.486122
  0.336924  0.430097
  0.0491579  0.83515
  0.100881  0.89226
  0.105308  0.946698
  0.388267  0.140464
  0.604494  0.0619865
  0.597725  0.953712
  0.473515  0.0634839
  0.48766  0.905173
  0.895984  0.0520415
  0.0474182  0.104362
  0.954957  0.899441
  0.380363  0.933785
  0.40508  0.900047
  0.437818  0.858543
  0.699177  0.0655781
  0.715353  0.901444
  0.351373  0.0932604
  0.416777  0.0390168
  0.954678  0.847397
  0.869018  0.761532
  0.909304  0.720493
  0.936379  0.63765
  0.956696  0.581702
  0.913925  0.547555
  0.955636  0.495677
  0.909221  0.443702
  0.954492  0.386674
  0.908097  0.333405
  0.95368  0.275516
  0.904462  0.220734
  0.951676  0.163587
  0.816001  0.876444
  0.645321  0.0486279
  0.649383  0.953902
  0.816257  0.0980376
  0.157307  0.0515099
  0.158279  0.94697
  0.908901  0.913625
  0.534523  0.117186
  0.264457  0.945476
  0.264092  0.0501434
  0.89981  0.106244
  0.0527182  0.945649
  0.0516928  0.0530101
  0.947721  0.0537782
  0.952817  0.949421
  0.53785  0.905007
  0.900233  0.687385
  0.909782  0.806949
  0.484558  0.855738
  0.395865  0.864697
  0.394971  0.0840093
  0.660194  0.0788113
  0.682305  0.9055
