  1
  2
  3
  4
  2
  5
  6
  7
  8
  9
  10
  11
  12
  13
  14
  15
  16
  17
  1
  18
  19
  20
  21
  22
  23
  24
  25
  26
  27
  28
  29
  30
  3
  31
  32
  33
  34
  35
  36
  37
  38
  39
  40
  41
  42
  43
  3
  44
  45
  46
  47
  48
  49
  50
  51
  52
  53
  54
  55
  56
  138
  139
  16
  55
  32
  45
  42
  6
  29
  19
  178
  181
  178
  181
  199
  198
  262
  263
  202
  203
  204
  205
  108
  177
  130
  135
  155
  158
  188
  84
  236
  154
  275
  166
  175
  176
  154
  167
  59
  61
  165
  145
  58
  58
  204
  112
  111
  51
  25
  88
  87
  260
  189
  192
  57
  211
  59
  60
  134
  137
  196
  217
  218
  219
  197
  220
  199
  198
  210
  166
  262
  263
  264
  265
  165
  261
  13
  39
  202
  205
  167
  237
  203
  249
  248
  165
  175
  248
  70
  124
  85
  281
  282
  78
  81
  140
  141
  168
  210
  169
  170
  152
  18
  31
  30
  5
  171
  168
  169
  59
  123
  214
  213
  213
  215
  216
  215
  216
  214
  129
  76
  261
  118
  260
  221
  225
  193
  222
  169
  168
  170
  237
  142
  71
  230
  165
  238
  231
  58
  267
  224
  26
  223
  52
  13
  39
  139
  138
  266
  269
  268
  150
  153
  189
  190
  191
  192
  127
  241
  78
  81
  79
  60
  13
  39
  151
  114
  146
  111
  112
  149
  71
  124
  58
  59
  61
  70
  49
  38
  12
  23
  208
  209
  90
  93
  119
  121
  250
  252
  253
  256
  83
  84
  85
  119
  81
  82
  76
  116
  92
  116
  117
  130
  131
  132
  133
  136
  135
  134
  137
  200
  195
  126
  130
  103
  104
  105
  75
  222
  108
  239
  111
  240
  112
  74
  249
  114
  120
  121
  35
  9
  146
  151
  152
  149
  129
  128
  143
  144
  66
  115
  68
  117
  118
  119
  120
  121
  78
  81
  95
  97
  126
  127
