  0  0
  0  1
  1  1
  1  0
  0  0.928571
  0  0.857143
  0  0.785714
  0  0.714286
  0  0.642857
  0  0.571429
  0  0.5
  0  0.428571
  0  0.357143
  0  0.285714
  0  0.214286
  0  0.142857
  0  0.0714286
  0.0714286  0
  0.142857  0
  0.214286  0
  0.285714  0
  0.357143  0
  0.428571  0
  0.5  0
  0.571429  0
  0.642857  0
  0.714286  0
  0.785714  0
  0.857143  0
  0.928571  0
  1  0.928571
  1  0.857143
  1  0.785714
  1  0.714286
  1  0.642857
  1  0.571429
  1  0.5
  1  0.428571
  1  0.357143
  1  0.285714
  1  0.214286
  1  0.142857
  1  0.0714286
  0.928571  1
  0.857143  1
  0.785714  1
  0.714286  1
  0.642857  1
  0.571429  1
  0.5  1
  0.428571  1
  0.357143  1
  0.285714  1
  0.214286  1
  0.142857  1
  0.0714286  1
  0.502824  0.508566
  0.713651  0.715608
  0.273162  0.729754
  0.282301  0.304561
  0.694204  0.280842
  0.510733  0.783054
  0.776477  0.499976
  0.217558  0.502016
  0.491217  0.218414
  0.814052  0.816962
  0.185458  0.819168
  0.1788  0.182048
  0.820161  0.17947
  0.558322  0.6245
  0.384591  0.557206
  0.633043  0.422439
  0.448249  0.385024
  0.64782  0.825513
  0.832356  0.65483
  0.169438  0.653415
  0.359642  0.162617
  0.371414  0.854018
  0.163721  0.35165
  0.846938  0.357166
  0.627803  0.147544
  0.676233  0.580734
  0.440415  0.672998
  0.324842  0.432093
  0.573582  0.328041
  0.487824  0.88399
  0.112222  0.475489
  0.886791  0.47514
  0.512545  0.11615
  0.732423  0.884777
  0.885081  0.739115
  0.115735  0.739036
  0.265189  0.12121
  0.264277  0.893175
  0.118529  0.282784
  0.738117  0.110398
  0.880283  0.282931
  0.617053  0.746002
  0.25674  0.621533
  0.396168  0.262056
  0.733491  0.398191
  0.887496  0.89022
  0.10979  0.112843
  0.112369  0.890754
  0.890316  0.112296
  0.595021  0.529928
  0.37834  0.741419
  0.243458  0.383653
  0.61407  0.243941
  0.563163  0.898979
  0.924172  0.543301
  0.0748426  0.543675
  0.438004  0.100448
  0.814789  0.732205
  0.185062  0.734094
  0.199261  0.261362
  0.805245  0.247603
  0.727901  0.814617
  0.271129  0.823957
  0.247536  0.191272
  0.737671  0.191795
  0.472513  0.59086
  0.414453  0.471831
  0.551058  0.431046
  0.759311  0.625605
  0.688265  0.485482
  0.363841  0.643659
  0.361824  0.345866
  0.657651  0.359058
  0.802908  0.918443
  0.91744  0.806246
  0.0827069  0.806528
  0.194971  0.0840363
  0.081176  0.198645
  0.195807  0.920694
  0.806474  0.0811982
  0.918567  0.198097
  0.602614  0.0667514
  0.397361  0.933904
  0.0758738  0.390595
  0.925157  0.391332
  0.638698  0.661108
  0.526495  0.709701
  0.292824  0.523003
  0.47925  0.294748
  0.653447  0.920945
  0.918375  0.677904
  0.0820653  0.67761
  0.348777  0.0806447
  0.576094  0.816396
  0.836541  0.568298
  0.16048  0.566991
  0.424531  0.183955
  0.476485  0.448736
  0.447217  0.81634
  0.810191  0.435086
  0.187768  0.435728
  0.55294  0.183094
  0.221301  0.686822
  0.77067  0.320266
  0.668434  0.0638411
  0.331817  0.937546
  0.0572911  0.320756
  0.942808  0.321323
  0.747406  0.551328
  0.415518  0.615058
  0.511839  0.357264
  0.463934  0.746117
  0.252927  0.45654
  0.540725  0.253088
  0.617112  0.601685
  0.225208  0.325166
  0.678555  0.778145
  0.321442  0.22476
  0.387142  0.408863
  0.530812  0.565369
  0.443679  0.532066
  0.516507  0.926618
  0.957838  0.49602
  0.0419108  0.496296
  0.48389  0.0733965
  0.594314  0.937451
  0.930166  0.604677
  0.0691957  0.604588
  0.406793  0.0622804
  0.319613  0.786048
  0.669941  0.218231
  0.780898  0.682407
  0.516143  0.838836
  0.825983  0.493837
  0.171031  0.493699
  0.484933  0.161266
  0.137483  0.702667
  0.158761  0.297593
  0.825844  0.301481
  0.767762  0.858153
  0.230554  0.863805
  0.224611  0.144513
  0.774688  0.138765
  0.713845  0.339431
  0.605812  0.384925
  0.726844  0.931711
  0.938234  0.739263
  0.062177  0.739101
  0.273836  0.0722964
  0.738171  0.0611178
  0.262287  0.941015
  0.0628057  0.275565
  0.936983  0.275612
  0.754905  0.456471
  0.421283  0.321929
  0.547293  0.490911
  0.934888  0.935809
  0.0641827  0.0652416
  0.0651146  0.935964
  0.935849  0.0651295
  0.85734  0.77219
  0.14274  0.773127
  0.143525  0.230959
  0.855512  0.228392
  0.692907  0.860533
  0.30734  0.156836
  0.30647  0.878196
  0.694844  0.126057
  0.863362  0.702377
  0.537123  0.0656684
  0.462894  0.934585
  0.944101  0.449881
  0.0558638  0.44996
  0.552748  0.764895
  0.450389  0.238246
  0.499171  0.650484
  0.3534  0.495956
  0.654919  0.705497
  0.697731  0.642305
  0.326218  0.585551
  0.583612  0.683763
  0.233442  0.547715
  0.44095  0.875182
  0.559035  0.125042
  0.8668  0.414648
  0.133753  0.414833
  0.655907  0.534623
  0.193888  0.615405
  0.395715  0.684427
  0.302406  0.367269
  0.634209  0.301971
  0.676582  0.414634
  0.340414  0.284364
  0.872682  0.93566
  0.934234  0.874377
  0.0657362  0.874704
  0.125711  0.0660552
  0.0642948  0.127699
  0.127129  0.936153
  0.874522  0.0654407
  0.935696  0.127399
  0.790484  0.377814
  0.768743  0.770816
  0.265125  0.244879
  0.751471  0.262285
  0.856463  0.85912
  0.143141  0.860472
  0.140229  0.143508
  0.859688  0.141827
  0.608475  0.863762
  0.88547  0.62632
  0.114221  0.625719
  0.392589  0.135209
  0.6134  0.798239
  0.374553  0.206402
  0.228884  0.776491
  0.209236  0.209851
  0.789977  0.207532
  0.618465  0.463717
  0.317376  0.684108
  0.200221  0.393071
  0.807384  0.617407
  0.401227  0.803595
  0.596614  0.194409
  0.0987928  0.335997
  0.901759  0.337528
