  32  50  179  108
  180  135  187  65
  17  139  193  16
  28  120  192  27
  6  146  194  5
  129  80  190  128
  155  111  179  50
  169  149  189  168
  113  57  186  115
  69  166  182  136
  116  115  186  64
  149  147  184  53
  121  119  183  55
  133  134  185  54
  125  123  126  137
  99  110  109  100
  140  165  61  138
  162  164  110  143
  162  143  167  77
  153  117  157  59
  24  25  63  153
  119  104  117  118
  158  67  154  157
  130  127  124  141
  103  90  85  84
  11  12  60  142
  157  154  23  59
  77  163  79  76
  141  60  165  140
  95  99  100  97
  124  142  60  141
  77  167  93  163
  52  22  23  154
  40  41  151  56
  42  43  51  152
  46  47  62  144
  66  52  154  67
  98  113  115  114
  49  123  125  122
  9  161  53  8
  144  58  45  46
  93  89  88  83
  95  94  89  93
  85  90  121  91
  121  107  102  91
  97  96  94  95
  112  98  96  97
  132  131  129  130
  141  140  132  130
  134  133  131  132
  49  122  9  10
  156  51  43  44
  142  124  123  49
  72  74  75  73
  101  159  89  94
  97  100  111  112
  61  165  13  14
  12  13  165  60
  152  151  41  42
  58  156  44  45
  160  144  62  145
  103  84  71  158
  63  118  117  153
  155  50  32  33
  57  155  33  34
  67  68  69  66
  68  70  166  69
  72  162  77  74
  83  82  81  79
  93  83  79  163
  160  145  147  148
  71  84  162  72
  162  84  85  164
  150  101  94  96
  96  98  114  150
  110  99  167  143
  153  59  23  24
  76  79  81  78
  158  157  117  103
  125  161  9  122
  88  89  159  105
  119  121  90  104
  90  103  117  104
  130  129  128  127
  140  138  134  132
  142  49  10  11
  93  167  99  95
  65  21  22  52
  72  70  68  71
  67  158  71  68
  72  73  166  70
  75  74  77  76
  91  92  164  85
  109  110  164  92
  127  126  123  124
  87  126  127  128
  91  102  109  92
  133  136  182  131
  170  106  148  169
  173  156  58  171
  169  86  82  170
  148  106  171  160
  105  106  170  88
  176  150  114  172
  133  54  187  135
  133  135  180  136
  100  109  179  111
  147  149  169  148
  144  160  171  58
  83  88  170  82
  115  116  172  114
  174  51  156  173
  173  105  159  174
  101  175  174  159
  172  56  151  176
  171  106  105  173
  175  152  51  174
  152  175  176  151
  150  176  175  101
  56  177  39  40
  52  66  180  65
  155  181  112  111
  116  178  39  177
  30  55  183  29
  8  53  184  7
  19  54  185  18
  34  35  186  57
  21  65  187  20
  149  53  161  189
  113  181  155  57
  73  75  190  80
  128  190  78  87
  138  61  193  139
  15  2  16  193
  26  3  27  192
  48  1  5  194
  118  63  192  120
  145  62  194  146
  37  4  38  195
  121  55  188  107
  56  172  116  177
  126  87  191  137
  78  81  191  87
  108  179  109  102
  73  80  182  166
  32  108  188  31
  136  180  66  69
  98  112  181  113
  55  30  31  188
  80  129  131  182
  120  28  29  183
  139  17  18  185
  145  146  184  147
  118  120  183  119
  146  6  7  184
  138  139  185  134
  64  186  35  36
  54  19  20  187
  82  86  191  81
  102  107  188  108
  168  189  161  125
  76  78  190  75
  169  168  191  86
  36  37  195  64
  14  15  193  61
  25  26  192  63
  47  48  194  62
  125  137  191  168
  39  178  195  38
  116  64  195  178
