  0  0
  0  1
  1  1
  1  0
  0  0.0833333
  0  0.166667
  0  0.25
  0  0.333333
  0  0.416667
  0  0.5
  0  0.583333
  0  0.666667
  0  0.75
  0  0.833333
  0  0.916667
  0.0833333  1
  0.166667  1
  0.25  1
  0.333333  1
  0.416667  1
  0.5  1
  0.583333  1
  0.666667  1
  0.75  1
  0.833333  1
  0.916667  1
  1  0.916667
  1  0.833333
  1  0.75
  1  0.666667
  1  0.583333
  1  0.5
  1  0.416667
  1  0.333333
  1  0.25
  1  0.166667
  1  0.0833333
  0.916667  0
  0.833333  0
  0.75  0
  0.666667  0
  0.583333  0
  0.5  0
  0.416667  0
  0.333333  0
  0.25  0
  0.166667  0
  0.0833333  0
  0.0717792  0.51646
  0.919031  0.456786
  0.499788  0.0702651
  0.539931  0.921556
  0.0791486  0.30804
  0.315861  0.927543
  0.926169  0.684454
  0.744836  0.0664299
  0.921954  0.306203
  0.3299  0.0718935
  0.703055  0.924979
  0.0721376  0.675539
  0.0742282  0.839376
  0.160942  0.0737655
  0.84023  0.923156
  0.925213  0.148648
  0.465312  0.931532
  0.499909  0.847963
  0.56749  0.823385
  0.527125  0.753022
  0.465752  0.779015
  0.496603  0.704546
  0.585498  0.715315
  0.521915  0.640315
  0.437535  0.642792
  0.497571  0.568518
  0.437741  0.570552
  0.439231  0.498034
  0.535863  0.497914
  0.359296  0.5018
  0.438305  0.428372
  0.364557  0.65342
  0.357512  0.427634
  0.354272  0.357153
  0.438151  0.358714
  0.650997  0.677396
  0.721364  0.64891
  0.292432  0.361903
  0.282474  0.511082
  0.43427  0.285582
  0.525252  0.286555
  0.761849  0.721655
  0.783354  0.618477
  0.749651  0.571867
  0.538453  0.379509
  0.614654  0.284587
  0.636569  0.36131
  0.699187  0.280961
  0.719719  0.352856
  0.777195  0.279115
  0.665319  0.435803
  0.746101  0.426398
  0.600659  0.210811
  0.83819  0.581308
  0.698339  0.755945
  0.791743  0.773798
  0.425705  0.212985
  0.335185  0.216287
  0.870166  0.62507
  0.902563  0.544888
  0.775486  0.514021
  0.684144  0.506335
  0.823774  0.411786
  0.794929  0.345319
  0.849007  0.285919
  0.765583  0.207874
  0.845091  0.212516
  0.839068  0.121746
  0.75617  0.832781
  0.845741  0.845484
  0.848336  0.769836
  0.92321  0.841564
  0.839192  0.682616
  0.0738364  0.459993
  0.142214  0.522896
  0.143192  0.59931
  0.141918  0.440719
  0.211086  0.520409
  0.214336  0.596505
  0.28692  0.587902
  0.290435  0.666479
  0.216919  0.676023
  0.297918  0.747432
  0.221315  0.758241
  0.321227  0.841208
  0.229257  0.841838
  0.381929  0.882759
  0.398868  0.80146
  0.206684  0.464303
  0.150447  0.841896
  0.157411  0.921671
  0.146992  0.759981
  0.144712  0.678237
  0.0717789  0.593546
  0.628436  0.507976
  0.24529  0.0725629
  0.158229  0.148456
  0.0778962  0.155903
  0.157986  0.224492
  0.245094  0.220806
  0.156099  0.297141
  0.684131  0.209345
  0.666493  0.068647
  0.58438  0.0696059
  0.760387  0.92338
  0.610024  0.899713
  0.902791  0.386721
  0.415783  0.0710365
  0.675024  0.867259
  0.633171  0.790978
  0.514111  0.212255
  0.244349  0.1462
  0.0969647  0.373992
  0.608487  0.578484
  0.500061  0.434942
  0.696263  0.576883
  0.0732469  0.756448
  0.44574  0.712812
  0.596916  0.459104
  0.196625  0.377436
  0.248416  0.309548
  0.345256  0.289841
  0.331722  0.144067
  0.753128  0.135249
  0.419154  0.142129
  0.505531  0.140876
  0.590439  0.139838
  0.673315  0.138356
  0.800861  0.0642026
  0.871157  0.0667884
  0.861258  0.479351
  0.432797  0.866977
  0.846763  0.336985
  0.37627  0.72965
  0.923787  0.760907
  0.0780807  0.234589
  0.238791  0.922504
  0.92316  0.2282
  0.384806  0.935424
  0.923953  0.610175
  0.151613  0.349958
  0.361958  0.578263
  0.265815  0.426987
  0.920265  0.920568
  0.0785614  0.919569
  0.0803617  0.0780982
  0.925049  0.0736679
